CTRY	YEAR	JAN	FEB	MAR	APR	MAY	JUN	JUL	AUG	SEP	OCT	NOV	DEC	MAM	JJA	SON	DJF	ANN
Actaeon_Group	2019	79.34	79.52	78.98	77.18	75.74	73.22	71.78	73.4	72.32	72.68	75.56	76.28	77.36	72.86	73.58	-999	75.56
Afghanistan	2019	35.78	36.32	46.22	57.02	65.12	73.76	80.42	75.92	69.62	57.74	41.36	37.4	56.12	76.64	56.3	-999	56.48
Albania	2019	35.24	41	48.02	52.88	56.84	70.7	72.86	75.38	67.1	59	52.52	42.8	52.52	73.04	59.54	-999	56.12
Aldabra_Isl	2019	83.48	83.48	84.02	84.74	82.58	80.6	78.62	79.16	80.06	81.68	83.84	83.12	83.84	79.52	81.86	-999	82.04
Aleutians	2019	32.36	34.34	33.62	36.32	41.72	48.02	53.24	54.32	50.9	44.06	38.48	31.28	37.22	51.98	44.42	-999	41.54
Algeria	2019	53.24	58.28	65.48	72.14	81.14	89.06	92.3	90.86	86	75.92	63.32	57.38	72.86	90.68	75.02	-999	73.76
all	2019	43.88	45.5	51.8	58.1	63.14	67.82	69.8	68.9	65.66	59.36	50.9	46.4	57.74	68.9	58.64	-999	57.56
Amsterdam_Isl	2019	63.5	64.76	64.22	59.9	55.4	52.52	52.7	50.9	51.98	53.96	57.38	58.64	59.9	51.98	54.5	-999	57.2
Andaman_Isl	2019	81.14	81.32	82.04	85.1	84.56	81.68	82.04	79.7	79.7	82.58	82.4	81.32	83.84	81.14	81.68	-999	82.04
Andorra	2019	32.54	37.04	41.36	43.52	48.74	59.18	66.92	65.3	59.54	52.16	40.46	39.56	44.6	63.86	50.72	-999	48.92
Angola	2019	73.22	73.4	73.76	72.5	69.62	65.48	65.66	69.26	72.14	74.66	74.48	74.48	71.96	66.74	73.76	-999	71.6
Anguilla	2019	76.82	76.46	77.36	78.26	78.8	80.6	81.5	82.4	82.04	81.14	80.78	79.7	78.08	81.5	81.32	-999	79.7
Antigua_and_Barbuda	2019	77.54	77.54	78.26	78.8	79.88	81.32	82.22	82.76	82.76	81.68	81.14	80.6	78.98	82.04	81.86	-999	80.42
Antipodes_Isl	2019	52.34	51.26	48.92	45.5	42.8	39.92	39.02	38.48	39.74	42.62	46.4	50.36	45.68	39.2	42.98	-999	44.78
Argentina	2019	70.34	69.26	63.5	59.9	52.7	49.46	46.58	49.28	54.5	59.9	67.46	69.62	58.82	48.38	60.62	-999	59.36
Armenia	2019	23.54	26.06	34.16	44.06	57.56	67.64	69.8	69.44	59.9	53.24	35.24	29.66	45.32	68.9	49.46	-999	47.48
Ascension	2019	81.5	82.94	84.02	83.3	81.5	80.06	78.44	75.74	75.56	76.28	78.98	80.42	82.94	78.08	77	-999	79.88
Auckland_Isl	2019	50.18	50.72	50.36	47.66	44.6	41.9	41.9	40.28	41.9	44.06	46.4	48.92	47.48	41.36	44.24	-999	45.68
Australia	2019	85.64	82.58	80.6	73.4	65.66	59.72	60.44	61.34	68.18	75.92	78.8	84.92	73.22	60.44	74.3	-999	73.04
Austria	2019	26.06	34.88	40.28	46.22	47.48	63.32	64.58	64.58	55.94	49.64	39.56	33.62	44.78	64.22	48.38	-999	47.12
Azerbaijan	2019	36.68	37.76	42.62	51.62	65.84	77	77.36	76.46	66.56	60.26	42.8	40.1	53.42	77	56.48	-999	56.3
Azores	2019	58.64	57.74	58.46	59	63.32	65.48	69.8	71.6	70.7	67.28	63.14	60.62	60.26	68.9	67.1	-999	63.86
Bahamas	2019	72.14	75.56	74.48	77.72	80.6	83.48	83.66	84.02	83.48	82.76	77.54	74.66	77.54	83.84	81.32	-999	79.16
Bahrain	2019	64.94	66.2	70.34	80.42	93.02	100.76	103.28	100.76	97.7	89.06	72.86	68.18	81.32	101.66	86.54	-999	84.02
Banaba	2019	81.86	82.58	82.58	82.4	83.84	82.76	82.58	84.2	81.68	84.74	84.56	83.66	82.94	83.12	83.66	-999	83.12
Bangladesh	2019	67.1	69.26	75.56	80.6	83.3	83.66	82.94	83.48	82.22	80.06	74.84	65.48	79.88	83.3	78.98	-999	77.36
Barbados	2019	77.54	77.9	78.8	79.34	80.78	81.32	81.14	81.5	81.86	81.14	80.6	80.06	79.7	81.32	81.14	-999	80.24
Bassas_da_India	2019	81.86	82.04	81.68	79.88	75.56	72.5	71.6	73.22	74.3	78.44	80.42	82.22	78.98	72.5	77.72	-999	77.72
Belarus	2019	22.28	31.64	37.58	48.56	57.92	68.72	63.32	64.76	56.12	49.1	39.2	34.7	48.02	65.66	48.2	-999	47.84
Belgium	2019	37.4	43.52	46.76	51.44	53.42	65.84	67.46	67.1	59.36	53.6	43.7	42.44	50.54	66.74	52.16	-999	52.7
Belize	2019	73.76	77.54	77.72	79.88	82.76	82.58	81.86	82.22	82.22	79.88	77	75.02	80.24	82.22	79.7	-999	79.34
Benin	2019	82.22	83.66	88.52	86.72	84.56	81.14	80.42	79.16	80.6	80.78	83.12	81.14	86.54	80.24	81.5	-999	82.76
Bermuda	2019	64.58	64.76	64.04	67.64	70.7	75.92	79.88	81.14	79.16	75.56	70.88	66.38	67.46	78.98	75.2	-999	71.78
Bhutan	2019	32.18	34.52	39.38	46.22	52.16	57.74	57.56	58.64	55.22	48.02	42.62	32.36	46.04	57.92	48.56	-999	46.4
Bioko	2019	79.52	78.44	78.8	77.72	77	75.38	75.2	75.38	75.92	75.2	77.54	78.62	77.9	75.38	76.28	-999	77
Bolivia	2019	73.94	73.58	72.68	71.78	67.28	66.74	65.84	66.92	72.5	72.68	74.48	73.58	70.52	66.56	73.22	-999	71.06
Bonin_Isl	2019	59.36	61.16	63.14	65.66	71.96	75.92	78.98	82.22	81.5	77.18	70.16	64.22	66.92	78.98	76.28	-999	70.88
Bosnia-Herzegovinia	2019	32.18	39.38	47.3	52.52	54.32	69.98	70.7	73.22	63.5	55.94	49.46	40.1	51.26	71.24	56.3	-999	53.96
Botswana	2019	80.78	80.06	78.98	73.76	67.64	61.16	60.8	66.38	71.6	79.7	82.04	81.32	73.4	62.78	77.72	-999	73.58
Brazil	2019	80.06	79.7	79.52	79.16	77.9	77	75.74	77.18	79.88	80.42	80.6	79.88	78.8	76.64	80.24	-999	78.98
Brunei	2019	81.14	80.96	81.68	83.3	83.48	82.58	81.86	82.58	82.4	81.14	81.5	80.6	82.94	82.4	81.68	-999	82.04
Bulgaria	2019	32.72	37.4	46.58	51.62	60.62	71.96	72.86	74.84	66.38	57.38	51.98	39.38	53.06	73.22	58.64	-999	55.4
Burkina_Faso	2019	78.08	81.86	88.52	89.96	89.06	85.28	82.58	80.78	82.94	84.02	84.38	79.52	89.24	82.94	83.84	-999	83.84
Burundi	2019	68.72	70.16	69.98	69.8	65.12	67.64	68.36	70.52	71.06	69.62	68.36	67.82	68.36	68.9	69.62	-999	68.9
Cambodia	2019	79.7	82.94	84.02	86.36	85.46	83.48	82.76	81.86	81.14	82.04	81.14	78.44	85.28	82.76	81.5	-999	82.4
Cameroon	2019	77.18	78.08	80.42	79.88	78.08	75.92	75.38	74.66	75.92	75.74	76.82	76.1	79.52	75.38	76.28	-999	77
Campbell_Isl	2019	47.66	47.84	47.12	45.14	42.44	40.46	40.1	38.48	39.74	41.54	43.52	46.4	44.96	39.74	41.54	-999	43.34
Canada	2019	-7.6	-9.04	5.18	19.4	34.88	47.66	54.68	51.8	42.8	28.22	11.48	1.58	19.76	51.44	27.5	-999	23.36
Canary_Isl	2019	58.1	60.62	61.34	61.7	67.46	68.18	71.42	73.94	72.68	70.16	65.12	61.7	63.5	71.24	69.26	-999	66.02
Cape_Verde_Isl	2019	70.7	70.16	70.88	71.78	72.86	74.3	76.46	78.44	79.34	78.62	76.1	73.22	71.96	76.46	78.08	-999	74.48
Central_African_Rep	2019	78.26	81.14	81.68	81.68	80.24	77.18	76.1	75.38	76.46	75.74	77.36	76.28	81.14	76.28	76.64	-999	78.08
Chad	2019	70.88	76.46	80.96	86.54	89.06	88.7	86.36	82.94	85.1	82.58	75.74	71.42	85.46	86	81.14	-999	81.32
Chagos_Archipelago	2019	81.68	82.4	83.12	83.48	82.22	80.42	79.7	79.52	79.88	80.42	81.5	82.22	82.94	79.88	80.6	-999	81.32
Chile	2019	54.68	55.22	51.98	49.28	44.42	41.9	41.36	41.36	43.88	46.94	51.8	54.5	48.56	41.54	47.48	-999	48.02
China	2019	21.38	25.34	37.94	50.36	56.84	64.58	68.36	67.64	60.44	48.38	35.42	23.72	48.38	66.92	48.02	-999	46.76
Christmas_Isl	2019	80.96	81.86	80.96	81.14	78.62	77.36	76.28	77.72	77.36	80.96	78.98	81.14	80.24	77.18	79.16	-999	79.52
Chuuk_State	2019	81.5	82.76	82.4	83.3	83.84	83.66	82.94	82.4	82.76	83.3	82.76	82.22	83.12	82.94	82.94	-999	82.76
Cocos_Isl	2019	82.04	82.76	82.4	82.04	81.86	80.42	79.16	77.36	78.26	78.98	80.24	80.06	82.04	78.98	79.16	-999	80.42
Colombia	2019	77.72	78.8	78.8	78.26	77.18	76.82	76.64	77.36	77.54	76.82	77.72	77.9	78.08	77	77.36	-999	77.72
Comoros	2019	81.5	81.14	81.68	82.04	79.52	77.18	75.92	77	77.9	80.06	81.86	81.5	81.14	76.64	80.06	-999	79.7
Congo	2019	78.26	77.72	79.52	78.26	77.54	75.02	75.56	75.92	77	76.64	77.72	77.72	78.44	75.56	77.18	-999	77.18
Cook_Isl	2019	79.7	80.06	79.7	78.62	76.46	74.66	73.4	73.76	74.12	75.2	76.82	77.72	78.26	73.94	75.38	-999	76.64
Costa_Rica	2019	76.46	77.9	78.26	79.88	78.44	78.08	78.62	78.08	77.36	76.28	77.36	77	78.8	78.26	77	-999	77.72
Croatia	2019	34.34	42.44	48.92	53.96	55.4	71.06	72.68	73.76	64.58	57.74	50.18	41.72	52.7	72.5	57.56	-999	55.58
Crozet_Isl	2019	45.68	46.94	47.3	44.24	41.54	37.58	38.3	37.04	37.76	40.46	39.02	43.88	44.42	37.58	39.02	-999	41.54
Cuba	2019	73.76	77	76.28	78.8	81.14	82.94	82.58	82.94	82.58	82.22	78.62	76.28	78.8	82.94	81.14	-999	79.52
Curacao_Isl	2019	81.32	81.5	82.04	83.84	84.2	85.64	85.82	86.9	86.9	85.46	85.1	82.4	83.3	86.18	85.82	-999	84.2
Cyprus	2019	50.72	53.6	56.12	60.8	72.86	79.16	82.4	83.66	79.16	73.76	64.58	55.04	63.14	81.68	72.5	-999	67.64
Czech_Republic	2019	28.94	36.68	42.98	49.64	51.8	66.2	66.56	68	57.92	50.9	42.08	35.78	48.2	66.92	50.18	-999	49.82
Denmark	2019	33.08	38.3	40.82	47.3	50.72	62.6	63.32	64.4	56.3	48.74	41	39.02	46.22	63.32	48.74	-999	48.74
Djibouti	2019	75.92	78.98	80.6	84.56	86.72	89.06	92.12	89.24	87.62	82.04	79.52	77.18	84.02	90.14	83.12	-999	83.66
Dominica	2019	70.7	70.52	71.24	71.78	73.58	75.02	75.38	75.92	75.74	74.66	74.12	73.76	72.14	75.56	74.84	-999	73.58
Dominican_Republic	2019	74.3	73.76	75.2	77.54	77.72	79.88	80.06	81.5	80.24	79.16	78.62	74.66	76.82	80.42	79.34	-999	77.72
DR_Congo	2019	76.46	76.46	77.36	76.64	75.56	74.3	74.12	75.56	76.28	75.92	76.28	75.92	76.46	74.66	76.28	-999	75.92
Ducie_Isl	2019	73.22	74.12	72.68	69.62	68	64.94	63.5	64.76	64.4	64.58	68.18	69.62	70.16	64.4	65.66	-999	68.18
East_Timor	2019	79.16	79.7	79.16	78.62	78.08	75.74	75.38	75.56	76.1	78.8	80.24	80.78	78.62	75.56	78.44	-999	78.08
Easter_Isl	2019	72.14	73.58	73.76	72.14	68.18	64.94	64.22	63.14	63.86	64.94	68.72	70.7	71.42	64.04	65.84	-999	68.36
Ecuador	2019	73.4	73.76	73.22	73.58	73.22	71.6	72.68	72.32	72.32	72.14	73.22	73.58	73.4	72.14	72.5	-999	72.86
Egypt	2019	55.22	59	63.5	71.78	82.22	87.8	88.16	87.26	83.48	79.34	69.26	59.72	72.5	87.8	77.36	-999	73.94
El_Salvador	2019	75.38	77.9	78.44	79.88	79.88	78.26	78.8	78.44	77.36	76.46	76.46	75.56	79.52	78.44	76.82	-999	77.72
Equatorial_Guinea	2019	78.98	78.08	78.44	77.54	77.18	75.56	75.38	75.38	77	76.28	77.54	78.08	77.72	75.38	77	-999	77.18
Eritrea	2019	75.02	76.82	77.18	82.04	84.56	83.3	83.3	79.88	80.96	78.62	76.1	74.66	81.32	82.22	78.44	-999	79.34
Estonia	2019	22.64	31.28	33.26	44.6	51.44	63.68	61.52	62.42	53.6	44.06	37.04	35.24	42.98	62.6	44.96	-999	45.14
Ethiopia	2019	70.52	74.12	75.56	76.1	75.38	73.4	73.58	72.32	73.4	71.78	71.06	70.7	75.74	73.04	72.14	-999	73.22
Faeroes	2019	38.48	41.72	40.46	44.78	43.52	49.1	53.24	53.06	49.82	44.78	39.56	40.82	42.98	51.8	44.78	-999	44.96
Falkland_Isl	2019	48.92	49.46	48.38	44.6	40.28	37.76	37.22	36.32	38.48	42.26	44.96	49.1	44.42	37.04	41.9	-999	43.16
Fernando_de_Noronha	2019	80.96	81.14	80.78	80.96	80.96	79.88	78.44	78.26	78.98	79.7	80.96	81.5	80.96	78.8	79.88	-999	80.24
Fiji	2019	79.34	80.06	79.7	79.16	75.92	75.2	74.48	75.2	74.48	77.18	76.64	78.62	78.26	74.84	76.1	-999	77.18
Finland	2019	12.38	20.48	24.98	38.3	46.04	58.28	58.64	57.2	48.38	34.88	26.42	26.24	36.5	58.1	36.5	-999	37.76
France	2019	38.66	44.6	48.2	51.08	54.68	66.02	70.88	69.08	63.32	56.84	45.86	44.78	51.44	68.72	55.4	-999	54.5
Franz_Joseph_Land	2019	-10.66	-9.4	-3.1	4.64	17.42	31.46	38.3	36.32	30.92	21.92	6.08	-4.54	6.26	35.42	19.58	-999	13.28
French_Guiana	2019	78.08	77.9	78.8	79.16	78.98	78.98	78.62	79.34	80.78	80.6	80.6	78.8	78.98	78.98	80.6	-999	79.16
Gabon	2019	80.06	78.8	80.42	79.16	78.44	75.56	75.38	75.92	77.9	78.08	78.62	78.98	79.34	75.56	78.26	-999	78.08
Galapagos_Isl	2019	78.62	78.62	76.82	76.46	76.28	72.32	70.88	68.9	68.72	69.44	70.88	73.58	76.46	70.7	69.62	-999	73.4
Gambia	2019	75.56	79.7	83.12	85.28	86.9	85.28	84.56	82.94	82.4	84.2	83.12	78.8	85.1	84.38	83.3	-999	82.76
Georgia	2019	24.44	25.88	32.54	42.44	55.4	64.04	64.22	64.4	56.12	50.54	34.52	29.12	43.34	64.22	47.12	-999	45.32
Germany	2019	32.9	40.1	44.42	50	52.34	66.2	66.56	67.46	58.64	52.16	41.9	39.02	48.92	66.74	50.9	-999	50.9
Ghana	2019	83.12	84.2	86.9	84.38	82.58	79.88	79.7	79.34	80.06	79.88	83.12	81.5	84.56	79.7	80.96	-999	82.04
Gibraltar	2019	53.96	55.76	59.9	60.8	69.08	71.6	77.18	77.72	74.3	67.82	59.54	58.28	63.32	75.56	67.28	-999	65.48
Gough_Isl	2019	58.82	62.78	57.38	56.12	51.98	48.56	49.46	49.82	51.26	51.44	52.7	55.94	55.22	49.28	51.8	-999	53.78
Grand_Cayman	2019	77.9	80.42	79.7	81.14	83.12	84.92	84.38	84.56	84.56	84.2	82.4	80.6	81.32	84.56	83.66	-999	82.4
Greece	2019	44.24	47.3	52.88	57.02	64.58	75.38	78.26	80.24	73.22	65.84	59.72	49.64	58.1	77.9	66.2	-999	62.42
Greenland	2019	-8.5	-10.66	-16.42	1.4	13.1	24.98	30.56	26.06	14.72	4.64	-4.72	-7.96	-0.58	27.14	4.82	-999	5.54
Grenada	2019	77.9	78.44	79.7	80.78	82.4	82.76	82.4	82.76	83.12	82.22	81.5	80.6	80.96	82.58	82.22	-999	81.14
Guadalupe	2019	61.88	55.94	60.8	63.32	59	62.6	65.12	68.36	69.62	66.92	66.02	63.14	60.98	65.3	67.46	-999	63.5
Guadeloupe	2019	76.28	76.28	77.18	78.08	79.7	81.5	81.86	82.22	81.86	80.78	80.06	79.52	78.26	81.86	80.96	-999	79.7
Guatemala	2019	71.24	74.84	75.2	77.18	79.34	78.62	77.9	77.9	77.54	75.92	74.12	72.5	77.36	78.08	75.92	-999	76.1
Guinea	2019	76.28	79.34	82.76	83.3	82.04	78.44	78.08	77.18	77.72	78.44	80.24	77.72	82.76	77.9	78.8	-999	79.34
Guinea-Bissau	2019	76.1	79.34	82.58	84.2	84.38	82.04	81.5	80.42	80.78	82.04	82.76	78.8	83.66	81.32	81.86	-999	81.32
Guyana	2019	78.44	78.8	79.88	80.06	79.88	79.52	79.16	80.06	81.5	80.96	81.14	79.34	79.88	79.7	81.14	-999	79.88
Haiti	2019	75.2	75.02	76.1	78.26	78.8	80.96	80.78	82.04	80.78	79.88	78.98	75.2	77.72	81.32	79.88	-999	78.44
Hawaii	2019	68.72	67.82	69.08	72.14	74.12	75.92	77.36	78.08	78.26	76.28	74.48	72.86	71.78	77.18	76.28	-999	73.76
Heard_Isl	2019	47.3	45.14	42.62	36.86	33.26	33.62	29.84	29.12	28.4	34.34	38.48	42.44	37.58	30.92	33.8	-999	36.86
Henderson_Isl	2019	77.18	77.36	76.28	73.58	71.96	69.08	67.46	69.62	68.72	68.36	72.14	73.22	73.94	68.72	69.8	-999	72.14
Honduras	2019	71.24	74.12	74.84	77	78.8	78.08	77.36	77.72	77.72	75.92	74.66	73.04	76.82	77.72	76.1	-999	75.92
Hong_Kong	2019	62.24	64.4	68.9	76.28	78.26	83.48	84.2	84.92	83.48	79.16	72.14	65.66	74.48	84.2	78.26	-999	75.2
Hungary	2019	30.2	38.84	47.66	54.68	57.02	71.96	70.7	73.4	62.96	55.04	48.2	37.58	53.06	71.96	55.4	-999	53.96
Iceland	2019	28.94	29.66	29.12	39.02	39.2	45.68	50.9	47.3	43.88	36.86	30.56	29.3	35.78	48.02	37.04	-999	37.58
India	2019	62.42	66.92	74.12	82.76	85.82	86	81.32	79.7	79.16	76.1	71.24	63.32	80.96	82.4	75.56	-999	75.74
Indonesia	2019	79.7	79.7	80.06	80.42	80.24	79.16	78.62	79.16	79.16	79.88	80.24	79.88	80.24	78.98	79.7	-999	79.7
Iran	2019	46.22	46.76	53.6	62.96	74.84	84.92	87.98	84.38	78.62	68.9	51.26	48.02	63.86	85.82	66.38	-999	65.66
Iraq	2019	51.62	54.86	58.82	67.64	83.3	92.84	94.46	94.1	87.44	79.16	60.44	54.32	69.98	93.74	75.74	-999	73.22
Ireland	2019	42.62	45.5	45.32	48.56	51.08	55.22	60.62	59.54	55.94	49.1	43.16	43.16	48.38	58.46	49.46	-999	50
Isl_da_Trindade	2019	80.24	79.7	80.42	78.44	76.46	73.76	72.5	71.78	72.68	74.84	76.1	78.44	78.44	72.68	74.48	-999	76.28
Isl_de_Horn	2019	82.04	82.58	82.76	82.4	80.96	80.96	80.42	79.88	80.06	81.5	80.78	82.22	82.04	80.42	80.78	-999	81.32
Isl_de_la_Bahia	2019	77.54	80.42	80.78	83.12	84.92	84.92	83.84	84.2	84.38	82.58	81.14	79.52	82.94	84.38	82.76	-999	82.22
Isl_de_Providencia	2019	79.7	81.32	81.68	82.94	83.12	82.94	82.76	83.12	82.76	81.32	82.04	81.32	82.58	82.94	82.04	-999	82.04
Isl_de_San_Andres	2019	79.88	80.96	81.5	83.3	82.76	82.94	82.76	83.12	82.58	81.14	81.86	81.14	82.58	82.94	81.86	-999	82.04
Isl_Glorieuses	2019	83.3	82.94	84.2	84.92	83.3	80.42	79.52	80.06	81.68	84.2	84.92	83.84	84.2	80.06	83.66	-999	82.76
Isl_Wallis	2019	81.86	82.22	82.58	82.76	81.5	81.86	81.32	80.78	81.14	81.86	81.5	82.4	82.22	81.32	81.5	-999	81.86
Israel	2019	53.06	55.76	57.92	63.5	75.2	79.7	81.68	82.22	79.7	75.56	67.46	57.74	65.66	81.32	74.3	-999	69.08
Italy	2019	41.18	46.22	50.72	54.5	57.56	71.96	75.92	76.1	69.26	62.6	53.6	48.74	54.32	74.66	61.88	-999	59
Ivory_Coast	2019	80.6	82.22	84.2	82.58	81.14	78.62	78.26	77.9	78.98	78.62	81.68	80.42	82.58	78.26	79.7	-999	80.42
Jamaica	2019	75.74	76.82	76.46	78.44	78.8	80.96	80.24	81.5	80.24	79.88	79.16	76.82	77.9	80.96	79.7	-999	78.8
Jan_Mayen	2019	22.82	21.74	19.76	31.64	31.1	37.58	42.44	42.44	39.74	34.16	26.42	25.7	27.5	40.82	33.44	-999	31.28
Japan	2019	33.98	35.96	42.08	49.82	61.34	66.02	72.32	75.92	70.88	60.8	48.02	39.38	51.08	71.42	59.9	-999	54.68
Jordan	2019	47.84	51.44	55.4	62.78	76.64	81.86	83.48	83.3	79.7	73.4	62.24	51.98	64.94	82.94	71.78	-999	67.46
Juan_Fernandez_Isl	2019	64.04	66.56	63.86	62.06	59	56.66	55.4	54.32	54.14	55.94	60.62	63.5	61.7	55.4	56.84	-999	59.72
Kara_Sea_Isl	2019	-12.46	-10.3	-2.56	3.56	18.68	32.54	36.14	38.48	32.54	23.54	3.92	-6.16	6.62	35.78	19.94	-999	13.1
Kazakhstan	2019	15.62	15.8	34.7	49.64	62.96	71.42	77.9	71.96	59.18	49.46	25.7	22.64	49.1	73.76	44.78	-999	46.4
Kenya	2019	78.44	81.68	82.4	81.32	76.28	76.28	76.28	76.82	77.54	78.08	78.08	78.08	80.06	76.46	77.9	-999	78.44
Kerguelen_Isl	2019	47.48	46.76	45.86	41	37.22	37.4	33.8	33.26	32.36	37.58	39.74	42.44	41.36	34.88	36.5	-999	39.56
Kiribati	2019	82.58	83.12	83.12	82.94	84.38	83.3	82.58	84.38	83.48	84.56	84.92	84.2	83.48	83.48	84.2	-999	83.66
Komandorskiye_Isl	2019	25.7	21.2	24.8	33.44	39.56	43.7	51.26	53.06	49.64	40.28	36.32	24.98	32.54	49.28	42.08	-999	37.04
Kosovo	2019	27.68	34.88	43.7	49.46	53.6	67.82	68.54	71.6	62.06	53.24	47.12	35.6	48.92	69.26	54.14	-999	51.26
Kuril_Isl	2019	22.82	19.94	26.6	34.7	44.42	45.86	52.34	55.04	55.22	48.02	35.06	26.24	35.24	51.08	46.22	-999	38.84
Kuwait	2019	59.72	61.34	66.2	75.56	90.86	100.76	102.02	100.4	96.08	86.72	67.82	62.06	77.54	101.12	83.48	-999	80.78
Kyrgyzstan	2019	11.48	13.64	30.74	41.36	47.84	53.78	64.04	60.44	51.08	40.64	21.38	16.16	39.92	59.36	37.76	-999	37.76
La_Tortuga_Isl	2019	78.26	78.98	80.24	81.5	82.76	82.94	82.58	83.48	83.84	82.94	82.22	80.6	81.5	82.94	82.94	-999	81.68
Laccadive_Isl	2019	80.06	82.22	83.84	86.54	85.28	82.94	80.6	80.42	81.32	82.04	83.48	82.76	85.28	81.32	82.22	-999	82.58
Laos	2019	67.64	71.78	74.12	79.52	80.6	80.24	79.34	78.44	77.36	76.28	72.32	66.92	78.08	79.34	75.38	-999	75.38
Latvia	2019	23.9	32.36	35.24	45.86	53.24	64.94	61.88	63.14	54.5	46.4	38.48	35.42	44.78	63.32	46.58	-999	46.22
Lau_Group	2019	80.96	82.76	81.14	80.42	77.72	76.82	75.92	75.56	75.56	77.9	77.9	80.24	79.7	76.1	77.18	-999	78.62
Lebanon	2019	47.12	50	52.34	57.2	70.52	75.92	77.72	79.16	75.74	71.42	60.8	50.9	60.08	77.72	69.26	-999	64.04
Lesotho	2019	65.12	63.68	62.96	55.94	51.44	45.32	46.4	49.46	55.94	59	61.7	61.16	56.84	47.12	58.82	-999	56.48
Liberia	2019	78.44	78.62	80.42	79.52	78.62	77.36	76.46	75.92	77.36	77.72	79.88	79.34	79.52	76.64	78.26	-999	78.26
Libya	2019	53.42	58.1	63.5	71.6	79.52	86.54	86.9	86.18	82.76	76.1	66.02	57.74	71.6	86.54	75.02	-999	72.32
Liechtenstein	2019	25.52	35.24	38.84	43.52	45.14	59.9	62.78	60.98	54.32	48.92	36.68	34.34	42.44	61.16	46.58	-999	45.5
Line_Isl	2019	80.78	80.96	81.32	81.5	81.68	81.32	81.14	81.14	80.96	81.14	81.14	81.14	81.5	81.14	81.14	-999	81.14
Lithuania	2019	24.62	33.26	37.76	47.3	54.86	66.2	62.6	64.4	55.58	48.74	40.28	35.6	46.58	64.4	48.2	-999	47.66
Lord_Howe_Isl	2019	74.84	75.2	74.84	69.44	66.2	63.32	62.6	62.06	63.86	64.76	68.9	71.78	70.16	62.6	65.84	-999	68.18
Luxembourg	2019	34.16	41.36	45.5	50.18	52.7	65.84	67.28	66.2	58.46	52.52	41.36	39.38	49.46	66.38	50.72	-999	51.26
Macau	2019	62.24	64.58	69.08	76.28	78.44	83.84	84.56	84.92	83.66	79.34	72.14	65.66	74.66	84.38	78.44	-999	75.38
Macedonia	2019	30.38	36.5	45.68	51.08	57.2	69.26	70.88	73.58	65.12	56.3	49.28	37.22	51.26	71.24	56.84	-999	53.6
Macquarie_Isl	2019	44.96	45.5	44.96	43.7	40.82	39.2	39.02	35.78	37.04	39.02	41.36	44.06	43.16	38.12	39.2	-999	41.36
Madagascar	2019	77.9	77.54	78.08	76.46	72.86	69.8	69.26	69.98	72.14	75.74	77.18	78.62	75.74	69.8	75.02	-999	74.66
Madeira	2019	57.2	58.64	58.46	58.64	64.58	64.76	67.46	70.34	69.8	67.64	63.5	61.16	60.44	67.64	66.92	-999	63.5
Malawi	2019	74.66	75.02	74.66	74.12	69.62	66.56	66.2	69.62	72.86	78.26	78.44	76.64	72.86	67.46	76.46	-999	73.04
Malaysia	2019	79.16	78.98	79.88	80.96	80.96	80.24	79.7	79.7	79.52	78.8	78.98	78.44	80.6	79.88	79.16	-999	79.7
Maldives	2019	82.22	83.48	83.84	85.46	84.56	83.84	82.76	82.22	82.22	81.86	82.94	82.76	84.56	82.94	82.4	-999	83.12
Mali	2019	70.34	75.2	81.5	86.72	91.76	92.3	90.86	87.8	88.7	85.64	80.24	72.68	86.72	90.32	84.92	-999	83.66
Malta	2019	53.24	55.04	59.9	63.86	66.56	80.6	84.38	84.92	80.24	73.58	64.04	60.44	63.5	83.3	72.5	-999	68.9
Marquesas	2019	81.32	82.22	82.94	82.76	81.32	80.6	78.62	78.98	79.52	80.06	81.14	81.86	82.4	79.52	80.24	-999	80.96
Marshall_Isl	2019	81.14	82.22	82.22	82.58	82.94	83.66	83.48	83.48	83.66	83.66	83.3	83.12	82.58	83.48	83.48	-999	82.94
Martinique	2019	76.1	76.28	77.18	77.9	79.7	80.78	80.78	81.14	81.14	80.24	79.7	79.16	78.26	80.96	80.42	-999	79.16
Mauritania	2019	68.18	73.22	77.18	82.4	89.6	92.12	93.38	91.4	89.24	86	78.26	71.24	83.12	92.3	84.56	-999	82.76
Mauritius	2019	79.88	79.7	79.7	78.08	73.94	70.88	69.98	69.62	70.7	73.4	75.74	78.8	77.18	70.16	73.22	-999	75.02
Mexico	2019	62.24	65.48	68.18	72.86	76.28	79.34	80.06	80.6	78.08	73.04	67.1	63.14	72.5	80.06	72.68	-999	72.14
Moldova	2019	28.04	35.24	43.88	51.62	62.42	74.12	71.96	73.58	64.4	53.6	46.58	37.76	52.7	73.22	54.86	-999	53.6
Monaco	2019	43.16	48.2	51.8	54.86	57.56	70.7	76.1	75.2	69.44	63.32	52.88	50.72	54.68	73.94	61.88	-999	59.54
Mongolia	2019	-2.02	-1.84	23.18	40.82	48.56	62.24	66.02	62.42	55.22	35.42	15.08	1.76	37.58	63.5	35.24	-999	33.98
Montenegro	2019	29.84	36.32	43.52	48.38	51.62	66.56	68.18	71.06	61.7	53.78	47.48	37.94	47.84	68.54	54.32	-999	51.44
Montserrat	2019	75.56	75.38	76.1	77	78.62	80.24	80.96	81.32	81.14	80.06	79.16	78.62	77.18	80.78	80.06	-999	78.62
Morocco	2019	49.28	53.24	57.74	60.08	70.34	72.86	79.88	79.7	74.3	66.2	56.84	53.24	62.78	77.36	65.84	-999	64.4
Mozambique	2019	79.88	80.06	79.34	78.08	73.76	70.16	69.44	72.86	74.84	80.06	81.5	80.96	77	70.88	78.8	-999	76.82
Myanmar	2019	68	70.16	73.94	79.88	81.14	79.16	77.72	77.9	77.18	76.82	73.22	66.2	78.26	78.26	75.74	-999	75.02
Namibia	2019	75.74	75.38	73.94	70.16	65.3	59.36	59.54	62.24	68	72.14	74.84	75.56	69.8	60.44	71.6	-999	69.26
Nauru	2019	81.86	82.04	82.04	82.04	82.76	82.04	81.86	82.76	80.96	83.12	83.12	82.58	82.22	82.22	82.4	-999	82.22
Nepal	2019	31.46	34.16	40.28	50	54.86	60.08	59.9	59.72	57.02	48.74	43.16	32	48.38	59.9	49.64	-999	47.66
Netherlands	2019	37.94	43.52	46.4	50.36	52.34	64.04	65.66	66.02	58.46	52.88	43.88	43.34	49.64	65.3	51.62	-999	51.98
New_Caledonia	2019	76.28	78.08	77.9	74.66	72.14	68.9	66.56	67.64	68.72	71.06	73.22	76.28	74.84	67.64	70.88	-999	72.68
New_Siberian_Isl	2019	-38.38	-36.22	-19.84	5.72	22.64	41.72	46.22	47.3	34.16	7.16	-15.16	-31.36	2.84	45.14	8.6	-999	5.36
New_Zealand	2019	61.52	60.44	59.72	52.52	49.82	43.16	44.42	43.7	46.94	50.36	55.22	57.38	53.96	43.7	50.72	-999	52.16
Nicaragua	2019	75.02	77.36	77.72	79.88	80.06	79.34	79.16	78.8	78.62	77.54	77.72	76.64	79.16	79.16	77.9	-999	78.26
Nicobar_Isl	2019	82.04	82.76	82.94	84.38	83.66	82.22	82.58	80.6	80.42	82.04	82.4	82.04	83.66	81.86	81.68	-999	82.4
Niger	2019	66.38	71.42	81.32	86.36	90.86	91.22	89.42	86.18	88.52	84.74	75.38	68.36	86.18	88.88	82.94	-999	81.68
Nigeria	2019	77.9	80.6	86.36	85.82	84.2	81.32	80.06	78.08	80.42	80.24	80.06	77.54	85.46	79.88	80.24	-999	80.96
Niue	2019	78.98	80.6	80.24	79.7	76.82	76.28	74.66	75.38	75.74	76.64	77.36	78.44	78.8	75.38	76.46	-999	77.54
Norfolk_Isl	2019	72.32	74.3	73.58	68.72	66.56	63.32	61.52	61.34	62.42	63.14	66.38	69.98	69.62	62.06	64.04	-999	66.92
North_Korea	2019	16.7	20.84	34.52	45.5	58.82	63.5	71.24	71.24	62.42	49.64	32.54	18.86	46.22	68.72	48.2	-999	45.5
Northern_Marianas	2019	79.7	80.42	81.14	82.22	83.66	84.92	84.02	82.4	82.4	82.58	82.58	81.5	82.4	83.66	82.4	-999	82.22
Norway	2019	19.22	23.54	25.7	37.4	40.82	50.72	54.86	54.14	45.68	34.16	25.52	27.32	34.7	53.24	35.24	-999	36.68
Novaya_Zemlya	2019	-11.56	-8.86	2.84	8.78	22.1	35.96	45.86	42.8	35.78	21.02	5	-0.58	11.3	41.54	20.66	-999	16.7
Oman	2019	71.06	71.42	74.48	81.86	86.72	88.7	85.46	83.66	84.74	82.94	76.28	73.94	80.96	86	81.32	-999	80.06
Pakistan	2019	50	51.8	60.8	74.3	79.34	85.46	85.46	82.76	81.68	71.96	59.72	50.72	71.6	84.56	71.24	-999	69.44
Palau_Isl	2019	81.32	82.76	83.3	82.4	84.38	82.04	82.58	82.76	82.58	82.58	82.58	82.4	83.3	82.4	82.58	-999	82.58
Panama	2019	78.08	79.16	79.88	81.14	79.88	79.52	79.88	79.7	78.8	77.72	78.08	78.26	80.24	79.7	78.26	-999	79.16
Papua_New_Guinea	2019	78.26	78.08	78.08	78.08	77.72	76.82	76.1	76.46	77	77.9	78.44	78.62	77.9	76.46	77.72	-999	77.54
Paracel_Isl	2019	76.1	79.7	80.78	84.74	83.84	85.82	84.74	84.02	83.12	82.22	80.6	77.54	83.12	84.92	82.04	-999	81.86
Paraguay	2019	83.48	80.78	77.36	75.02	69.62	69.62	64.58	68.72	74.84	78.8	82.76	80.42	73.94	67.64	78.8	-999	75.56
Peru	2019	69.26	69.62	69.26	69.08	67.64	66.56	66.38	66.2	68	67.64	69.08	69.26	68.72	66.38	68.36	-999	68.18
Philippines	2019	77.72	77.54	79.34	81.5	82.4	82.04	80.06	80.06	80.24	79.88	80.06	79.16	81.14	80.6	80.06	-999	80.06
Phoenix_Isl	2019	81.86	82.04	82.58	82.76	82.58	82.22	82.22	82.04	82.58	82.58	82.4	82.04	82.58	82.22	82.58	-999	82.4
Pohnpei_and_Kosrae	2019	81.14	82.4	81.86	82.58	82.76	82.76	82.22	82.04	82.22	82.58	82.22	82.04	82.4	82.22	82.4	-999	82.22
Poland	2019	29.3	37.4	43.16	49.82	54.5	66.92	65.66	68.18	57.92	51.62	43.52	37.94	49.1	66.92	50.9	-999	50.54
Portugal	2019	48.92	51.98	55.58	56.66	64.4	68.36	73.58	73.94	70.34	63.68	54.86	51.98	58.82	71.96	62.96	-999	61.16
Prince_Edward_Isl	2019	45.32	45.68	43.52	43.34	38.66	38.48	36.14	35.6	37.58	39.02	40.28	44.6	41.9	36.68	39.02	-999	40.64
Puerto_Rica	2019	75.56	75.02	76.1	78.08	78.8	80.96	81.68	82.58	81.68	80.6	80.24	77.54	77.54	81.68	80.78	-999	78.98
Qatar	2019	66.38	66.92	70.88	80.42	91.94	98.96	100.76	98.78	96.62	89.24	74.84	70.16	81.14	99.5	86.9	-999	83.84
Reunion	2019	76.1	75.74	75.56	73.76	69.62	66.56	65.48	65.66	66.92	70.16	72.14	75.38	73.04	65.84	69.62	-999	71.06
Rodrigues_Isl	2019	82.4	82.22	82.22	80.96	77.72	75.02	73.94	73.22	74.3	76.46	77.54	81.14	80.24	74.12	76.1	-999	78.08
Romania	2019	28.22	35.06	44.42	51.26	58.28	70.52	69.26	71.78	62.6	53.24	48.38	36.14	51.26	70.52	54.86	-999	52.52
Russia	2019	-8.5	-4.18	13.1	27.68	42.26	56.12	60.26	56.66	45.32	29.48	5.72	-4.18	27.68	57.74	26.78	-999	26.6
Rwanda	2019	65.3	66.74	67.1	66.38	62.06	64.76	65.12	66.74	66.56	65.12	64.58	64.4	65.12	65.48	65.48	-999	65.48
Ryukyu_Isl	2019	63.14	65.48	66.56	71.24	74.48	79.34	82.94	83.48	82.04	77.72	71.78	66.56	70.7	81.86	77.18	-999	73.76
Samoa	2019	81.86	82.58	82.94	83.48	81.5	81.68	80.78	81.5	81.14	81.68	81.5	82.04	82.58	81.32	81.5	-999	81.86
San_Marino	2019	36.86	44.24	48.2	52.7	55.94	71.96	75.02	74.66	66.38	59.36	51.08	44.6	52.34	73.94	59	-999	56.84
Sao_Tome_+_Principe	2019	78.44	77	77.9	77	75.92	73.4	73.4	73.4	74.48	74.48	76.1	77.54	77	73.4	75.02	-999	75.74
Saudi_Arabia	2019	62.78	64.4	68.36	76.64	87.08	93.02	93.2	92.48	89.6	82.4	70.88	64.4	77.36	92.84	80.96	-999	78.8
Senegal	2019	75.56	79.7	83.12	86.18	87.98	86.36	85.64	83.84	83.66	85.1	83.3	78.98	85.82	85.28	84.02	-999	83.3
Serbia	2019	31.28	38.12	47.66	54.14	57.56	72.5	72.14	75.2	65.3	56.66	50.9	39.38	53.06	73.22	57.56	-999	55.04
Severnaya_Zemlya	2019	-30.46	-26.32	-14.98	-4.54	13.1	33.26	41.9	40.82	30.2	14	-12.46	-23.44	-2.02	38.66	10.58	-999	5.18
Seychelles	2019	81.68	82.94	84.38	84.38	84.2	82.4	78.8	79.88	81.32	82.04	82.94	82.04	84.38	80.42	82.04	-999	82.22
Sierra_Leone	2019	78.08	80.42	82.22	81.86	80.6	78.62	78.62	77.9	78.8	79.7	81.5	80.06	81.5	78.44	80.06	-999	79.88
Singapore	2019	81.32	82.04	82.94	83.12	83.48	82.58	82.4	82.22	81.86	81.14	81.32	80.24	83.12	82.4	81.5	-999	82.04
Slovakia	2019	25.88	34.16	41.36	48.56	51.26	65.84	64.22	66.92	56.66	49.82	42.8	33.26	47.12	65.66	49.82	-999	48.38
Slovenia	2019	29.66	39.2	46.04	51.8	53.06	68.9	70.16	69.98	60.98	53.96	44.24	36.5	50.18	69.62	53.06	-999	51.98
Society_Isl	2019	80.6	80.42	80.42	80.24	78.62	77	75.92	77.18	76.28	77.18	78.8	78.44	79.88	76.64	77.54	-999	78.44
Socotra	2019	73.76	76.28	78.8	82.94	85.82	86.36	83.12	82.94	83.66	82.04	77.9	76.46	82.58	84.2	81.14	-999	80.78
Solomon_Isl	2019	79.34	78.8	78.62	78.26	78.08	77.36	76.64	77	77.9	78.62	78.98	79.16	78.26	77	78.44	-999	78.26
Somalia	2019	77.72	80.6	82.4	85.28	83.3	83.48	82.94	82.22	83.12	81.14	79.7	78.98	83.66	82.94	81.32	-999	81.68
South_Africa	2019	75.74	75.38	73.94	67.82	62.96	56.3	56.3	59	64.58	68.36	72.5	72.5	68.18	57.2	68.54	-999	67.1
South_Georgia	2019	39.56	36.14	36.86	32.54	28.04	26.6	22.64	24.26	28.58	32.54	34.52	37.76	32.36	24.44	31.82	-999	31.64
South_Korea	2019	32	35.78	44.78	52.52	64.76	69.44	75.74	78.26	70.16	59.9	47.3	36.5	53.96	74.48	59.18	-999	55.58
South_Sudan	2019	82.4	85.46	86.36	85.82	84.38	79.16	79.34	78.62	80.06	79.52	80.96	80.06	85.46	78.98	80.24	-999	81.86
Spain	2019	43.34	47.12	51.26	53.06	60.44	68.18	75.56	74.66	68.72	60.44	50.18	47.66	54.86	72.86	59.72	-999	58.28
Sri_Lanka	2019	78.98	81.5	83.3	85.28	84.92	84.92	83.66	82.4	81.86	80.42	80.96	79.7	84.56	83.66	81.14	-999	82.4
St_Croix	2019	76.46	76.28	77.18	78.62	79.52	81.5	82.22	83.12	82.58	81.5	80.96	79.52	78.44	82.22	81.68	-999	79.88
St_Helena	2019	70.52	72.32	73.22	69.98	69.98	67.28	65.12	64.04	64.04	64.76	66.92	68.54	71.06	65.48	65.3	-999	68
St_Kitts_and_Nevis	2019	74.66	74.3	75.02	76.1	77.36	79.16	79.7	80.42	80.24	78.98	78.44	77.54	76.1	79.7	79.16	-999	77.72
St_Lucia	2019	76.1	76.1	77.18	78.08	80.06	81.14	80.96	81.14	81.32	80.24	79.52	79.16	78.44	81.14	80.42	-999	79.16
St_Vincent	2019	78.08	78.44	79.7	80.78	82.76	83.48	83.12	83.3	83.48	82.4	81.68	80.96	81.14	83.3	82.58	-999	81.5
Sudan	2019	72.86	75.56	78.08	85.28	90.32	89.6	88.7	85.28	86.54	84.02	77.36	71.96	84.56	87.8	82.58	-999	82.22
Suriname	2019	78.08	77.9	79.16	79.34	79.16	79.34	78.8	79.88	80.96	80.6	80.78	78.62	79.16	79.34	80.78	-999	79.34
Svalbard	2019	8.24	7.16	6.26	18.32	23.9	35.06	40.46	38.48	32.72	23	15.8	10.22	16.16	37.94	23.9	-999	21.74
Swan_Isl	2019	78.26	80.78	80.78	82.22	84.38	84.92	84.2	84.74	84.74	83.3	81.86	80.42	82.4	84.56	83.3	-999	82.58
Swaziland	2019	79.52	79.52	78.98	74.84	70.7	65.48	65.66	68.72	70.7	74.48	77	77.18	74.84	66.56	74.12	-999	73.58
Sweden	2019	16.7	23.36	26.78	39.02	43.88	56.12	58.28	57.38	47.84	36.32	26.24	25.88	36.68	57.2	36.86	-999	38.12
Switzerland	2019	26.96	34.7	38.66	42.8	45.14	59.54	62.42	60.62	54.14	48.56	36.68	34.52	42.26	60.8	46.4	-999	45.32
Syria	2019	45.14	49.1	52.88	59.54	75.38	83.66	85.46	86.18	79.7	72.32	57.38	49.1	62.6	85.1	69.8	-999	66.38
Tajikistan	2019	14.9	16.7	29.84	38.12	44.78	50.54	62.24	58.46	50.72	40.46	23.36	20.48	37.58	57.02	38.12	-999	37.58
Tanzania	2019	75.2	76.46	75.92	75.74	71.06	70.52	70.7	72.32	74.12	75.56	75.74	74.66	74.3	71.24	75.02	-999	73.94
Thailand	2019	77.18	80.96	83.48	86.54	85.46	83.48	82.76	81.32	80.96	81.5	79.16	75.38	85.1	82.58	80.6	-999	81.5
Togo	2019	83.66	83.84	87.08	84.56	82.58	79.7	79.34	78.8	79.88	79.7	83.3	82.22	84.74	79.16	80.96	-999	82.04
Tokelau_Isl	2019	82.58	83.12	83.66	84.2	83.48	83.3	82.94	83.3	83.3	83.3	83.12	82.94	83.84	83.12	83.3	-999	83.3
Tonga	2019	80.42	81.68	80.96	80.42	78.08	77.54	76.1	76.46	76.64	78.08	78.26	79.7	79.88	76.64	77.72	-999	78.62
Trinidad_and_Tobago	2019	76.82	77.36	78.44	79.7	80.6	80.42	80.24	80.42	81.32	80.6	79.88	78.98	79.52	80.42	80.6	-999	79.52
Tristan_da_Cunha	2019	61.7	65.3	60.8	59.72	55.58	52.34	53.06	53.24	54.5	54.5	55.4	58.46	58.64	52.88	54.86	-999	57.02
Tromelin_Isl	2019	83.48	83.3	83.48	82.58	79.88	77	75.92	75.56	76.82	79.16	80.42	83.12	82.04	76.1	78.8	-999	80.06
Tuamotu	2019	81.86	82.22	82.58	81.86	80.6	78.98	77.54	78.44	78.08	78.44	80.24	80.6	81.68	78.26	78.98	-999	80.06
Tubuai_Isl	2019	78.8	78.26	78.08	76.1	73.94	71.42	69.8	71.6	69.98	71.6	73.94	74.66	76.1	70.88	71.78	-999	73.94
Tunisia	2019	50.36	52.88	59.18	64.94	69.08	83.48	87.26	86.9	80.42	72.14	60.62	57.2	64.4	85.82	71.06	-999	68.72
Turkey	2019	34.34	37.58	42.8	49.28	61.7	69.44	71.78	73.76	66.92	60.62	48.56	39.56	51.26	71.78	58.64	-999	54.68
Turkmenistan	2019	42.08	41.54	52.16	60.26	74.84	83.12	89.06	82.4	72.32	62.24	42.08	42.8	62.42	84.92	58.82	-999	62.06
Tuvalu	2019	83.12	82.94	83.3	83.84	83.48	83.48	83.66	83.48	83.12	83.66	82.94	83.12	83.48	83.48	83.3	-999	83.3
Uganda	2019	75.38	78.08	78.44	76.1	71.96	73.04	73.58	74.12	74.12	73.76	74.3	74.12	75.56	73.58	74.12	-999	74.84
Ukraine	2019	25.52	32.9	41	50.54	61.52	72.5	69.26	70.52	61.34	51.98	42.62	36.5	51.08	70.7	51.98	-999	51.44
United_Arab_Emirates	2019	68	68.18	72.14	80.96	89.6	95.18	96.8	95.9	94.28	87.44	75.2	71.42	80.78	95.9	85.64	-999	82.94
United_Kingdom	2019	39.38	43.16	44.24	47.48	49.82	55.94	60.98	60.08	55.58	48.74	42.26	41.9	47.12	59	48.92	-999	49.1
Uruguay	2019	75.02	73.58	69.08	65.66	60.98	59	52.34	53.96	57.56	63.32	70.88	72.5	65.3	55.04	63.86	-999	64.58
USA	2019	27.86	29.12	37.4	48.74	57.2	66.2	71.78	69.98	64.76	49.1	37.58	32.18	47.84	69.44	50.54	-999	49.28
Uzbekistan	2019	33.8	33.98	48.74	57.2	71.42	78.62	86.36	78.26	67.28	57.02	35.6	35.96	59.18	81.14	53.24	-999	57.02
Vanatu	2019	77.36	78.26	78.44	77	75.38	73.94	72.86	73.4	73.4	74.84	75.74	77.18	77	73.4	74.66	-999	75.74
Venezuela	2019	77.72	78.8	80.06	80.06	79.34	78.08	77.72	78.44	79.16	78.8	79.16	78.26	79.88	78.08	78.98	-999	78.8
Vietnam	2019	70.34	73.4	74.66	80.96	82.58	83.12	82.58	82.22	80.42	78.98	75.74	71.24	79.34	82.58	78.44	-999	77.9
Virgin_Isl	2019	76.28	76.1	77	78.62	79.16	81.32	81.86	83.12	82.4	81.32	80.78	79.16	78.26	82.04	81.5	-999	79.7
Western_Sahara	2019	63.86	68	69.62	72.32	79.34	80.24	84.2	85.1	82.94	79.16	71.78	66.02	73.76	83.12	77.9	-999	75.2
Wrangel_Isl	2019	-13.36	-1.3	-2.02	5.72	24.44	39.2	41	41.18	35.06	21.02	10.76	-1.48	9.32	40.46	22.28	-999	16.7
Yap_State	2019	80.6	82.58	82.94	82.4	84.02	83.12	82.94	82.22	82.22	82.22	82.22	81.86	83.12	82.76	82.22	-999	82.4
Yemen	2019	67.64	69.62	71.42	77	81.14	84.74	83.3	82.4	81.68	76.46	71.24	69.62	76.64	83.48	76.46	-999	76.46
Zambia	2019	73.04	74.48	73.4	72.14	67.64	63.86	64.04	69.44	72.68	79.16	78.44	76.82	71.06	65.84	76.82	-999	72.14
Zimbabwe	2019	75.74	76.1	75.02	72.32	67.28	62.78	62.24	67.64	70.7	78.62	79.52	78.26	71.6	64.22	76.28	-999	72.14
