CTRY	YEAR	JAN	FEB	MAR	APR	MAY	JUN	JUL	AUG	SEP	OCT	NOV	DEC	MAM	JJA	SON	DJF	ANN
Actaeon_Group	2019	18.6	18.81	18.32	17.44	16.97	15.81	14.97	15.73	15.54	15.39	16.69	17.03	17.58	15.53	15.87	-999	16.76
Afghanistan	2019	3.46	3.46	4.47	6.49	5.43	5.56	6.79	5.83	4.64	3.84	2.57	3.14	5.44	6.04	3.7	-999	4.69
Albania	2019	4.49	4.67	5.07	6.32	8.84	11.03	10.47	10.93	9.26	7.97	7.23	5.2	6.78	10.84	8.19	-999	7.71
Aldabra_Isl	2019	22.69	22.55	22.81	23.07	21.15	19.2	17.82	18.24	18.93	19.02	20.38	21.56	22.32	18.45	19.45	-999	20.59
Aleutians	2019	4.28	4.34	4.35	4.88	5.99	7.76	8.97	9.03	8.48	6.35	5.4	4.37	5.1	8.61	6.73	-999	6.23
Algeria	2019	4.41	4.44	5.27	5.79	7.07	8.46	9.4	9.71	9.51	7.79	6.12	5.51	6.08	9.21	7.81	-999	7.02
all	2019	8.52	8.65	9.07	9.64	10.3	11.31	12.08	11.95	11.21	10.14	9.09	8.63	9.65	11.81	10.16	-999	10.1
Amsterdam_Isl	2019	11.85	11.9	12.36	10.81	9.47	8.91	9.13	8.25	8.31	8.43	9.81	10.38	10.88	8.77	8.88	-999	9.96
Andaman_Isl	2019	18.32	19.11	19.87	22.48	24.08	22.55	21.38	21.33	22.34	21.08	21.23	19.03	22.1	21.78	21.54	-999	21.1
Andorra	2019	3.8	4.4	4.67	4.81	5.83	8.19	8.3	8.84	7.66	6.93	4.84	4.45	5.1	8.42	6.5	-999	6.06
Angola	2019	15.3	15.07	15.65	14.51	11.72	9.21	8.84	9.44	10.78	13.07	14.38	14.82	14.01	9.19	12.72	-999	12.77
Anguilla	2019	16.87	17.1	17.21	18.13	19.12	19.85	20.32	20.79	21.17	20.77	19.99	19.6	18.13	20.32	20.62	-999	19.24
Antigua_and_Barbuda	2019	17.5	17.64	17.47	18.4	19.52	20.33	20.73	21.21	21.64	21.25	20.55	20.21	18.46	20.74	21.18	-999	19.72
Antipodes_Isl	2019	8.23	8.24	7.9	7.03	5.82	5.31	5.16	5.32	5.62	6.06	6.78	7.72	6.95	5.24	6.13	-999	6.65
Argentina	2019	11.41	10.84	10.29	9.16	7.99	7.28	5.86	5.59	6.37	8.18	10.06	9.87	9.18	6.22	8.25	-999	8.57
Armenia	2019	2.26	2.65	3	4.49	7.09	8.14	8.18	7.45	5.86	6.08	2.6	2.39	4.87	7.97	4.83	-999	5.08
Ascension	2019	18.02	18.62	19.01	19.9	17.66	16.19	14.64	13.99	14.28	14.34	16.51	17.77	18.83	14.94	15.04	-999	16.77
Auckland_Isl	2019	7.8	7.79	7.57	7.07	6.03	5.44	5.37	5.07	5.6	6.04	6.71	7.44	6.92	5.29	6.11	-999	6.48
Australia	2019	13.23	13.31	13.07	10.68	8.98	7.73	7.42	7.04	7.68	9.32	10	12.18	10.91	7.42	8.98	-999	10.1
Austria	2019	3.29	3.86	4.45	5.47	7.38	10.44	9.82	11.01	8.55	6.89	5.86	4.11	5.8	10.42	7.14	-999	6.85
Azerbaijan	2019	4.48	4.86	5.36	6.87	10.02	11.26	11.91	10.99	9.41	8.63	4.81	4.84	7.45	11.41	7.63	-999	7.86
Azores	2019	10.31	9.95	10.09	9.85	11.71	12.77	14.44	15.05	14.71	13.32	11.86	10.94	10.5	14.09	13.33	-999	12.07
Bahamas	2019	14.15	15.08	14.97	16.55	18.48	20.25	20.46	20.59	20.47	19.13	17.13	15.26	16.63	20.45	18.89	-999	17.73
Bahrain	2019	10.04	9.79	10.45	12.28	13.62	12.94	13.51	14.2	14.77	14.07	11.13	10.64	12.11	13.55	13.35	-999	12.34
Banaba	2019	20.96	21.08	21.36	21.44	22.03	21.28	20.72	21.73	20.68	21.71	21.93	21.46	21.64	21.27	21.46	-999	21.34
Bangladesh	2019	11.92	12.24	13.85	17.11	20.9	22.83	22.64	22.98	22.02	19.87	15.83	11.96	17.28	22.84	19.26	-999	17.87
Barbados	2019	18.22	17.99	17.46	18.81	20.28	21.2	21.28	21.41	21.75	21.28	20.94	20.31	18.87	21.27	21.28	-999	20.08
Bassas_da_India	2019	21.39	21.17	20.89	19.81	17.27	15.68	14.46	15.37	16.14	18.63	19.93	21.23	19.33	15.17	18.22	-999	18.51
Belarus	2019	3.08	4.13	4.47	4.45	8.89	11.88	10.96	11.45	8.62	7.67	5.94	4.97	5.99	11.43	7.45	-999	7.3
Belgium	2019	5.18	5.89	6.55	6.41	7.53	10.69	10.8	11.33	9.62	8.59	6.51	6.21	6.8	10.89	8.23	-999	7.99
Belize	2019	17.84	19.39	19.16	19.81	22	22.44	22.62	21.52	22.46	20.96	19.77	18.75	20.3	22.17	21.04	-999	20.55
Benin	2019	10.15	10.91	14.02	17.27	19.06	19.33	20.65	20.41	20.79	21.07	16.38	11.25	16.78	20.08	19.39	-999	16.75
Bermuda	2019	10.19	10.26	11.17	12.06	12.65	14.56	15.9	16.23	14.77	13.04	11.91	10.82	11.99	15.57	13.27	-999	12.84
Bhutan	2019	3.73	3.87	4.14	5.32	7.93	9.57	9.88	9.78	8.56	6.45	4.89	3.33	5.78	9.8	6.68	-999	6.47
Bioko	2019	20.91	19.64	20.43	19.96	19.84	18.95	19.25	18.88	19.74	19.91	20.33	20.87	20.1	19.03	20.01	-999	19.91
Bolivia	2019	16.45	16.75	15.97	15.34	13.32	12.6	11.36	10.59	13.05	13.77	15.26	15.58	14.86	11.49	14.05	-999	14.18
Bonin_Isl	2019	9.39	9.96	10.97	13.14	16.14	19.15	21	22.24	21.41	17.58	14.28	11.17	13.41	20.78	17.76	-999	15.59
Bosnia-Herzegovinia	2019	3.96	4.38	4.92	6.32	8.8	11.78	10.88	11.93	9.24	7.72	7.12	4.92	6.72	11.53	8.09	-999	7.75
Botswana	2019	16.38	16.4	16.22	13.31	10.36	8.39	7.64	8.6	8.66	11.35	13.61	15.14	13.32	8.21	11.25	-999	12.21
Brazil	2019	20.67	20.54	20.33	20.2	19.15	18.02	16.61	16.71	17.49	19.28	19.78	19.88	19.92	17.09	18.85	-999	19.04
Brunei	2019	21.85	21.57	21.83	22.91	22.69	22.23	20.74	22.01	22.16	21.78	22.34	21.51	22.5	21.66	22.12	-999	21.96
Bulgaria	2019	3.96	4.47	4.85	6.26	9.67	12.99	11.43	11.38	8.9	8.45	7.62	5.08	7	11.93	8.35	-999	8.03
Burkina_Faso	2019	5.51	6.05	7.83	12.42	16.21	17.89	20.14	20.5	20.41	19.8	12.76	7.23	12.15	19.48	17.65	-999	13.92
Burundi	2019	14.1	13.91	14.14	14.36	13.08	12.8	10.93	11.4	12.64	12.82	13.67	13.75	13.89	11.73	13.04	-999	13.13
Cambodia	2019	18.37	19.12	19.23	21.36	22.9	22.62	22.22	22.18	21.71	21.96	19.98	17.9	21.19	22.36	21.19	-999	20.79
Cameroon	2019	13.59	12.55	14.52	16.48	17.48	17.55	17.86	17.88	18.06	17.26	15.41	14.05	16.13	17.79	16.96	-999	16.06
Campbell_Isl	2019	7	6.92	6.62	6.1	5.13	4.6	4.68	4.46	4.76	5.21	5.81	6.63	5.95	4.61	5.29	-999	5.66
Canada	2019	1.21	0.95	1.85	2.69	4.18	6.61	8.57	8.16	6.37	4	2.32	1.78	2.93	7.78	4.24	-999	4.2
Canary_Isl	2019	9.04	9.9	9.88	10.25	12.21	12.64	13.22	14.84	14.51	13.84	12.04	10.77	10.74	13.59	13.49	-999	11.95
Cape_Verde_Isl	2019	12.87	12.51	12.87	13.21	14.28	15.34	16.66	17.98	19.18	18.19	15.72	13.69	13.43	16.66	17.7	-999	15.19
Central_African_Rep	2019	11.38	11.03	13.55	16.35	17.63	17.73	18.13	18.22	18.41	17.26	14.89	12.08	15.87	18.05	16.87	-999	15.52
Chad	2019	5.37	5.17	6.35	7.85	10.59	12.52	14.57	15.31	14.68	11.36	7.28	5.51	8.3	14.15	11.11	-999	9.73
Chagos_Archipelago	2019	20.89	21.37	21.41	21.69	20.44	19.28	17.79	18.01	18.87	19.14	20.32	20.8	21.2	18.36	19.42	-999	20.04
Chile	2019	6.98	7.27	6.71	6.13	5.26	4.82	4.67	4.52	4.96	5.31	6.41	6.75	6.06	4.67	5.54	-999	5.84
China	2019	2.59	2.81	3.61	5.51	6.42	9.67	11.52	10.95	8.4	5.91	3.86	2.74	5.22	10.74	6.07	-999	6.24
Christmas_Isl	2019	22.08	20.38	20.49	20.41	19.85	18.88	18.19	19.31	17.94	18.47	19.41	19.69	20.23	18.82	18.6	-999	19.6
Chuuk_State	2019	21.19	22.22	22.52	22.27	22.39	23.62	22.35	24.1	22.43	23.13	23.94	22.96	22.35	23.36	23.15	-999	22.72
Cocos_Isl	2019	21.02	22.15	21.66	22.1	21.82	21.01	19.83	18.37	18.27	18.46	19.87	19.58	21.89	19.77	18.89	-999	20.36
Colombia	2019	18.36	18.4	19.05	19.58	19.62	19.34	18.69	19.03	19.17	19.27	19.81	19.01	19.44	19.04	19.39	-999	19.09
Comoros	2019	22.2	22.07	22.12	21.74	19.39	16.93	16.17	16.64	17.49	18.07	20.53	21.19	21.06	16.58	18.72	-999	19.6
Congo	2019	19.21	18.44	19.6	18.92	18.88	17.73	17.64	17.62	18.39	18.54	19.31	19.31	19.14	17.64	18.74	-999	18.6
Cook_Isl	2019	19.96	20.23	20.18	19.85	19.13	18.54	17.56	17.4	17.9	18.45	19.05	19.45	19.72	17.83	18.44	-999	18.98
Costa_Rica	2019	17.9	18.21	18.49	19.73	19.86	20.53	20.87	19.87	20.12	19.36	19.46	17.81	19.34	20.45	19.7	-999	19.38
Croatia	2019	4.34	4.82	5.44	6.91	9.31	12.13	11.87	13.09	10.42	8.44	7.42	5.21	7.23	12.39	8.75	-999	8.33
Crozet_Isl	2019	6.95	7.47	7.69	6.89	6.23	5.49	5.4	5.1	5.25	5.77	5.4	6.66	6.89	5.33	5.47	-999	6.15
Cuba	2019	16.01	17.15	16.74	17.96	20.12	21.85	21.51	21.71	21.94	21.45	19.27	17.61	18.25	21.64	20.91	-999	19.46
Curacao_Isl	2019	17.95	17.95	18.43	19.81	20.73	21.03	20.74	21.69	21.76	21.75	20.26	18.71	19.68	21.15	21.24	-999	20.08
Cyprus	2019	6.95	7.22	7.56	8.39	11.06	13.25	13.89	14.86	13.17	11.41	9.45	7.81	9.03	13.98	11.36	-999	10.5
Czech_Republic	2019	3.75	4.4	4.97	5.51	7.7	11.2	9.93	11.09	8.82	7.41	6.37	4.8	6.07	10.74	7.57	-999	7.2
Denmark	2019	4.67	5.33	5.61	5.54	7.41	10.68	10.74	11.31	9.22	8.21	6.47	5.71	6.17	10.96	7.98	-999	7.59
Djibouti	2019	15.15	16.94	18.05	20.64	20.99	21.61	20.92	21.32	22.02	18.5	17.29	16.64	19.87	21.28	19.26	-999	19.17
Dominica	2019	15.81	15.82	15.28	16.37	17.77	18.6	18.81	19.23	19.74	19.42	18.92	18.43	16.5	18.87	19.34	-999	17.85
Dominican_Republic	2019	16	15.65	15.97	17.79	18.8	19.3	18.86	19.53	20.3	19.98	19.35	16.72	17.52	19.21	19.9	-999	18.22
DR_Congo	2019	17.31	16.88	17.58	17.53	16.83	15.63	15.34	15.74	16.45	16.75	17.32	17.33	17.31	15.62	16.88	-999	16.75
Ducie_Isl	2019	16.54	16.95	16.34	15.25	14.64	13.46	12.67	13.39	13.25	12.87	14.41	14.89	15.39	13.17	13.51	-999	14.56
East_Timor	2019	19.83	20.32	20.05	18.69	17.19	15.23	14.29	14.43	15.29	17.09	18.85	20.35	18.69	14.65	17.11	-999	17.62
Easter_Isl	2019	15.84	16.82	16.89	16.35	14.33	12.86	12.43	12.16	12.37	12.42	14.17	15.22	15.86	12.51	12.99	-999	14.33
Ecuador	2019	16.46	16.67	16.69	16.82	16.39	15.71	14.73	15.03	14.96	15.25	16.03	16.24	16.61	15.18	15.39	-999	15.89
Egypt	2019	5.98	6.09	6.19	6.83	8.71	10.26	11.82	12.27	11.42	11	9.29	7.06	7.26	11.4	10.6	-999	8.92
El_Salvador	2019	14.36	15.02	15.15	16.48	18.14	18.56	19.05	17.98	19.25	18.19	16.37	14.94	16.57	18.56	17.96	-999	16.98
Equatorial_Guinea	2019	20.35	19.66	20.15	19.53	19.69	18.73	18.44	18.37	19.62	19.43	20.11	20.31	19.81	18.52	19.7	-999	19.54
Eritrea	2019	13.06	13.3	12.79	14.62	15.98	14.58	16.81	16.77	17.1	15.29	13.9	13.21	14.49	16.05	15.44	-999	14.76
Estonia	2019	3.15	4.29	4.35	4.33	7.1	10.21	10.33	10.98	8.59	6.89	5.5	5.04	5.28	10.53	7.03	-999	6.8
Ethiopia	2019	9.49	10.96	11.51	13.47	13.7	13.02	13.75	13.56	13.54	12.48	11.76	10.74	12.89	13.47	12.61	-999	12.3
Faeroes	2019	5.4	6.46	5.77	6.42	6.2	7.82	9.73	9.2	8.04	6.49	5.7	6.08	6.13	8.92	6.73	-999	6.96
Falkland_Isl	2019	7.13	7.28	7.29	6.03	5.38	4.94	4.87	4.64	4.93	5.36	5.95	6.82	6.27	4.87	5.44	-999	5.9
Fernando_de_Noronha	2019	20.49	20.34	21.15	21.79	21.43	20.39	19.72	18.78	18.39	19.02	19.84	20.47	21.43	19.63	19.08	-999	20.16
Fiji	2019	19.39	20.16	19.89	19.83	17.11	16.77	16.65	16.48	15.41	17.36	16.94	17.9	18.92	16.64	16.6	-999	17.87
Finland	2019	2.15	3.09	3.22	3.92	5.71	8.21	8.8	9.43	7.68	5.05	3.93	3.85	4.32	8.81	5.58	-999	5.49
France	2019	5.32	5.96	6.45	6.49	7.81	10.61	10.73	11.29	9.7	9.14	6.79	6.19	6.94	10.85	8.56	-999	8.04
Franz_Joseph_Land	2019	0.61	0.61	0.94	1.18	2.29	3.73	4.54	4.48	3.9	2.59	1.42	0.86	1.42	4.25	2.69	-999	2.31
French_Guiana	2019	20.38	20.03	20.43	20.85	21.29	21.22	19.64	19.68	19.56	19.2	20.14	20.35	20.85	20.2	19.64	-999	20.27
Gabon	2019	20.45	19.56	20.51	19.83	19.72	18.07	17.64	17.77	18.94	19.44	20.07	20.2	20.04	17.85	19.43	-999	19.37
Galapagos_Isl	2019	17.39	19.64	18.68	18.55	18.63	16.13	15.59	15.35	14.98	15.11	15.29	16.82	18.62	15.66	15.11	-999	16.83
Gambia	2019	8.45	9.18	9.92	11.52	14.49	17.68	20.5	21.64	21.59	20.44	15.66	10.14	11.96	19.93	19.18	-999	15.1
Georgia	2019	2.74	2.89	3.09	4.58	7.5	8.56	9.08	8.26	6.28	6.42	3.08	2.95	5.12	8.64	5.31	-999	5.48
Germany	2019	4.51	5.23	5.8	5.89	7.31	10.61	10.3	10.95	9.11	8	6.07	5.4	6.37	10.6	7.79	-999	7.49
Ghana	2019	12.65	14.06	16.7	19.07	19.78	19.59	20.68	20.12	20.81	21.54	19.33	14.77	18.49	20.1	20.56	-999	18.22
Gibraltar	2019	7.59	7.95	8.48	9.07	10.99	12.26	14.53	15.1	14.46	12.05	10.22	9.11	9.55	13.99	12.29	-999	10.99
Gough_Isl	2019	9.25	11.2	9.05	9.07	7.85	7.14	7.35	7.35	7.56	7.48	7.84	8.85	8.64	7.28	7.63	-999	8.36
Grand_Cayman	2019	17.05	18.05	17.93	19.11	20.98	22.42	21.58	22.22	22.43	22.02	20.22	18.7	19.32	22.07	21.54	-999	20.22
Greece	2019	5.96	6.15	6.7	7.85	9.89	12.32	12.4	12.64	11.34	10.32	9.24	7.12	8.14	12.48	10.31	-999	9.41
Greenland	2019	0.78	0.78	0.7	1.44	2.31	2.98	3.74	3.21	2.47	1.6	1.2	0.86	1.53	3.37	1.76	-999	1.84
Grenada	2019	18.65	18.34	18.08	19.49	21.08	22.07	22.16	22.36	22.78	22.02	21.55	20.79	19.55	22.23	22.1	-999	20.77
Guadalupe	2019	10.39	9.38	10.27	11.34	11.28	12.92	13.53	14.33	15.03	12.52	11.5	10.82	10.94	13.6	13.02	-999	11.93
Guadeloupe	2019	17.54	17.61	17.29	18.42	19.74	20.68	20.96	21.38	21.9	21.43	20.81	20.25	18.49	20.96	21.35	-999	19.81
Guatemala	2019	15.35	16.56	16.7	17.73	19.68	19.93	20.03	18.79	19.75	18.5	16.81	16.2	18.01	19.58	18.35	-999	17.98
Guinea	2019	9.68	10.71	12.44	14.65	16.92	17.61	18.86	18.74	18.73	18.63	15.97	11.25	14.67	18.43	17.75	-999	15.34
Guinea-Bissau	2019	11.43	12.45	13.45	14.7	16.78	18.79	20.54	21.01	21.07	20.66	18.05	12.97	15	20.11	19.95	-999	16.8
Guyana	2019	17.98	17.53	18.07	18.86	19.52	19.75	18.68	18.72	18.67	18.18	18.46	18.23	18.8	19.02	18.46	-999	18.58
Haiti	2019	15.75	15.76	15.94	17.84	19.05	19.7	18.33	19.37	20.28	19.88	19.12	16.33	17.64	19.11	19.73	-999	18.12
Hawaii	2019	13.8	13.09	13.57	15.18	15.86	16.68	17.36	17.55	18.27	17.76	16.72	16.41	14.82	17.22	17.61	-999	16.01
Heard_Isl	2019	6.62	6.49	6.29	5.5	5.06	4.9	4.38	4.15	4	4.58	5.01	5.83	5.65	4.45	4.51	-999	5.26
Henderson_Isl	2019	17.58	17.94	17.25	16.09	15.77	14.46	13.54	14.66	14.39	13.89	15.55	15.74	16.37	14.25	14.59	-999	15.55
Honduras	2019	15.43	16.37	15.47	16.28	18.18	19	19.32	18.29	19.45	18.28	17.74	16.25	16.65	18.87	18.49	-999	17.48
Hong_Kong	2019	11.06	13.32	14.76	18.48	19.58	22.98	23.09	22.27	19.24	16.43	12.83	10.62	17.6	22.81	16.17	-999	17.14
Hungary	2019	3.82	4.54	5.3	6.82	9.51	13.13	11.91	13.32	9.85	7.96	7.45	5.02	7.23	12.84	8.41	-999	8.28
Iceland	2019	3.59	3.75	3.67	4.38	4.93	6.1	7.64	6.77	6.12	4.87	4.06	3.83	4.33	6.84	5.03	-999	5.02
India	2019	9.34	9.85	10.23	12.58	14.66	18.73	20.33	19.81	18.75	14.27	11.83	9.84	12.48	19.64	15.01	-999	14.21
Indonesia	2019	20.83	20.46	20.67	21.16	20.66	20.12	19.06	19.18	19.11	19.88	20.59	20.39	20.81	19.48	19.81	-999	20.18
Iran	2019	5.24	5.39	6.08	7.54	8.83	9.24	9.83	9.25	8.26	7.53	5.04	5.22	7.52	9.44	6.97	-999	7.35
Iraq	2019	6.64	6.9	7.15	8.51	9.7	8.54	8.73	9.02	8.98	9.7	7.8	7.06	8.47	8.74	8.81	-999	8.27
Ireland	2019	6.68	7.03	6.64	7.06	7.56	9.01	11.02	10.89	9.91	7.82	6.75	6.75	7.14	10.31	8.2	-999	8.11
Isl_da_Trindade	2019	16.62	16.92	17.04	16.6	15.64	14.55	14	14.02	14.21	14.59	15.29	16.16	16.38	14.21	14.68	-999	15.43
Isl_de_Horn	2019	22.03	21.94	23.3	22.88	21.5	21.64	20.73	20.6	20.96	22.05	21.58	21.74	22.54	21.01	21.51	-999	21.77
Isl_de_la_Bahia	2019	17.72	19.14	18.48	19.04	21.2	21.99	22.32	21.51	22.65	21.43	20.34	18.59	19.55	21.94	21.43	-999	20.37
Isl_de_Providencia	2019	19.16	19.32	19.09	19.91	20.98	22.5	22.22	21.84	22.22	21.27	21.74	19.18	20	22.21	21.74	-999	20.81
Isl_de_San_Andres	2019	19.37	19.48	19.46	20.4	21.36	22.71	22.22	21.84	22.51	21.64	21.75	19.18	20.43	22.28	21.97	-999	21.02
Isl_Glorieuses	2019	22.77	22.71	22.73	22.7	20.54	18.34	17.58	17.27	18.23	18.29	20.63	21.53	22.02	17.7	19.02	-999	20.28
Isl_Wallis	2019	22.26	22.6	23.52	23.37	22.27	22.18	20.62	20.13	21.56	22.26	22.13	22.59	23.03	20.98	21.98	-999	22.11
Israel	2019	7.3	7.72	8.21	8.87	11.38	12.8	14.55	15.76	14.61	12.68	10.28	8.22	9.5	14.35	12.56	-999	11.06
Italy	2019	5.61	6.01	6.8	7.81	9.35	12.4	13.69	14.05	12.46	10.46	8.43	6.9	7.97	13.36	10.47	-999	9.55
Ivory_Coast	2019	13.72	15.33	17.28	19.35	19.83	19.35	20.01	19.59	20.49	21.01	19.96	15.82	18.85	19.65	20.46	-999	18.49
Jamaica	2019	17.12	17.52	17.24	18.7	19.99	21.43	20.37	20.61	21.46	21.33	20.12	17.23	18.65	20.78	20.97	-999	19.41
Jan_Mayen	2019	2.91	3	2.77	3.73	3.97	4.94	5.67	6.29	5.23	4.19	3.21	3.13	3.52	5.61	4.19	-999	4.13
Japan	2019	3.95	4.17	5.13	6.81	9.51	12.84	16.72	17.55	14.85	10.19	6.45	4.85	7.18	15.72	10.58	-999	9.55
Jordan	2019	5.61	5.8	5.76	5.97	7.78	7.63	8.83	9.63	9.62	8.85	7.77	6.17	6.54	8.7	8.73	-999	7.47
Juan_Fernandez_Isl	2019	11.1	11.49	11.32	10.62	10.23	9.06	8.86	8.42	8.2	8.7	9.82	10.88	10.7	8.78	8.91	-999	9.91
Kara_Sea_Isl	2019	0.7	0.52	0.85	1.43	2.69	4.36	5.43	5.64	4.52	3.07	1.43	1.03	1.67	5.2	3.01	-999	2.72
Kazakhstan	2019	2.54	2.38	4.18	5.51	6.12	8.15	9.07	8	6.39	5.13	2.97	2.99	5.29	8.41	4.87	-999	5.39
Kenya	2019	14.28	14.63	15.83	18.02	15.79	14.7	14.19	14.39	14.16	14.65	15.59	15.23	16.55	14.4	14.8	-999	15.15
Kerguelen_Isl	2019	7.38	7.32	7.25	6.08	5.42	5.18	4.66	4.43	4.2	5.02	5.55	6.29	6.23	4.73	4.95	-999	5.78
Kiribati	2019	20.72	20.91	21.34	21.49	21.79	21.12	20.36	21.36	20.32	21.5	21.7	21.3	21.54	20.97	21.16	-999	21.18
Komandorskiye_Isl	2019	3.46	2.92	3.22	4.27	5.23	6.82	8.4	9.28	7.73	5.23	4.72	3.22	4.28	8.12	5.91	-999	5.42
Kosovo	2019	3.12	3.47	3.87	4.98	7.83	10.5	9.16	9.62	7.33	6.54	6.23	4.02	5.6	9.81	6.68	-999	6.49
Kuril_Isl	2019	2.34	2.2	2.97	3.71	5.73	7.18	9.52	10.38	9.39	7.07	4.1	3.05	4.18	9.01	6.86	-999	5.71
Kuwait	2019	8.41	8.01	8.16	10.2	11.34	9.74	10.9	11.84	12	12.99	9.76	8.75	9.95	10.85	11.63	-999	10.25
Kyrgyzstan	2019	1.74	1.07	2.23	3.97	2.31	3.19	3.05	2.92	2.6	1.95	0.89	1.23	2.89	3.08	1.8	-999	2.27
La_Tortuga_Isl	2019	17.91	17.81	18.13	19.24	20.71	21.28	21.22	21.83	22.03	21.64	20.59	19.71	19.39	21.42	21.42	-999	20.17
Laccadive_Isl	2019	16.26	17.06	18.01	20.92	22.12	23.15	22.24	21.81	22.06	20.38	19.75	17.98	20.33	22.42	20.73	-999	20.14
Laos	2019	12.57	13.58	15.05	17.51	18.26	19.72	19.47	19.14	17.87	17.03	14.3	11.63	16.97	19.47	16.4	-999	16.4
Latvia	2019	3.39	4.44	4.57	4.32	7.53	10.85	10.54	11.27	8.65	7.55	5.87	5.2	5.49	10.89	7.4	-999	7.09
Lau_Group	2019	21.28	21.21	21.35	21.74	20.1	19.92	19.59	19.82	19.24	21.11	20.24	20.52	21.04	19.8	20.2	-999	20.51
Lebanon	2019	6.39	6.73	7.08	8.07	10.59	12.02	12.85	13.97	12.46	10.8	8.69	7.1	8.63	12.92	10.69	-999	9.83
Lesotho	2019	9.51	9.84	9.78	7.56	5.42	3.55	3.31	3.83	5.07	6.62	8.23	8.61	7.63	3.62	6.69	-999	6.8
Liberia	2019	16.45	16.96	17.77	18.23	18.19	17.94	17.97	17.48	18.59	18.65	18.36	17.51	18.08	17.82	18.56	-999	17.84
Libya	2019	5.32	5.42	5.74	6.75	7.74	9.14	10.78	11.22	10.5	9.39	7.72	6.03	6.75	10.43	9.19	-999	7.99
Liechtenstein	2019	3.38	3.86	4.54	4.96	6.34	8.86	8.96	9.44	7.82	6.6	4.64	3.95	5.28	9.06	6.39	-999	6.18
Line_Isl	2019	19.63	19.77	20.11	20.4	20.17	19.75	19.54	19.76	20.13	20.41	20.19	19.69	20.25	19.69	20.27	-999	19.98
Lithuania	2019	3.38	4.43	4.7	4.46	7.96	11.35	10.68	11.46	8.78	7.9	6.16	5.12	5.7	11.16	7.6	-999	7.23
Lord_Howe_Isl	2019	16.49	16.92	16.64	13.71	12.02	10.96	10.23	10.02	11.1	11.53	13.06	14.6	14.13	10.38	11.88	-999	13.08
Luxembourg	2019	4.82	5.37	6.02	5.97	7.08	10.24	9.99	10.75	8.96	8.15	5.99	5.71	6.36	10.31	7.72	-999	7.48
Macau	2019	11.06	13.32	14.9	18.56	19.86	23.18	23.15	22.56	19.53	16.57	13.05	10.62	17.81	22.94	16.38	-999	17.28
Macedonia	2019	3.58	3.93	4.4	5.42	8.07	10.77	9.41	9.8	7.58	7.03	6.59	4.32	5.95	9.99	7.1	-999	6.76
Macquarie_Isl	2019	7.03	7.18	7.19	6.9	6.23	5.71	5.87	5.04	5.34	5.71	6.23	6.74	6.75	5.48	5.71	-999	6.23
Madagascar	2019	19.15	19.09	19.44	17.9	15.89	14.07	13.86	13.84	14.81	16.68	18.02	19.42	17.7	13.92	16.56	-999	16.86
Madeira	2019	9.13	9.56	9.48	9.78	11.61	12.35	12.65	14.28	13.92	13.24	11.48	10.48	10.35	13.09	12.89	-999	11.48
Malawi	2019	17.52	17.58	17.81	16.73	14	11.93	10.68	11.57	11.13	13.05	15.22	17.6	16.19	11.39	13.17	-999	14.57
Malaysia	2019	20.92	20.64	21.25	22.44	21.79	21.46	20.32	20.68	20.98	20.79	21.29	20.73	21.8	20.82	21.06	-999	21.12
Maldives	2019	20.3	21.4	21.67	23.18	23.44	22.82	22	21.88	22.31	21.75	22.28	21.57	22.79	22.21	22.09	-999	22.06
Mali	2019	4.86	5.03	5.55	7.14	10.04	13.28	16.01	17.03	15.72	12.02	8.24	5.86	7.57	15.46	11.96	-999	10.12
Malta	2019	8.36	8.26	9.76	10.65	11.56	15.52	18.07	18.84	17.77	15.07	11.69	10.65	10.66	17.53	14.88	-999	13.13
Marquesas	2019	20.91	20.95	21.35	21.43	20.62	20.36	18.48	18.97	18.74	18.79	19.26	19.59	21.15	19.24	18.93	-999	19.91
Marshall_Isl	2019	20.05	20.73	21.23	22.08	22.5	22.68	21.4	22.26	22.4	22.76	22.27	20.98	21.94	22.12	22.48	-999	21.78
Martinique	2019	17.98	17.83	17.29	18.65	20.39	21.51	21.72	22	22.57	21.96	21.26	20.48	18.78	21.72	21.95	-999	20.34
Mauritania	2019	4.95	5.64	5.67	6.33	7.95	10.32	13.75	15.57	13.93	9.86	7.32	5.66	6.68	13.21	10.39	-999	8.92
Mauritius	2019	20.53	20.9	20.61	18.5	17.18	15.81	14.95	14.59	14.71	16.17	17.34	19.63	18.74	15.09	16.1	-999	17.58
Mexico	2019	9.49	10.1	10.27	10.69	12.44	14.33	15.75	16.53	16.1	13.11	10.74	9.7	11.14	15.54	13.33	-999	12.47
Moldova	2019	3.68	4.57	4.57	6.03	10.09	13.23	11.52	11.04	8.41	8.28	7.17	5.25	6.93	11.93	7.96	-999	7.9
Monaco	2019	5.27	5.76	6.48	7.2	9.12	11.69	12.59	12.98	11.13	9.32	6.92	5.58	7.58	12.43	9.12	-999	8.71
Mongolia	2019	0.85	0.94	1.62	2.42	3.3	7.1	8.98	8.14	5.45	2.68	1.48	1.01	2.43	8.05	3.31	-999	3.79
Montenegro	2019	3.35	3.54	3.95	5.07	7.55	10.08	9.01	9.7	7.63	6.53	6.15	4.15	5.53	9.6	6.75	-999	6.41
Montserrat	2019	17.12	17.13	16.96	18.02	19.27	20.08	20.49	20.91	21.42	20.88	20.27	19.78	18.09	20.5	20.88	-999	19.35
Morocco	2019	5.75	6.54	7.24	7.73	10.01	10.03	11.2	11.5	11.25	9.49	8.08	7.3	8.36	10.89	9.65	-999	8.86
Mozambique	2019	19.73	19.73	19.83	18.5	15.87	13.91	12.61	13.84	13.65	15.61	17.8	19.48	18.1	13.45	15.72	-999	16.72
Myanmar	2019	12.79	11.85	12.65	15.11	18.17	19.69	19.6	19.81	19.11	18.47	15.59	12.02	15.37	19.72	17.7	-999	16.27
Namibia	2019	11.51	12.39	12.21	10.23	7.43	6.16	5.71	5.75	6.5	7.77	9.27	10.27	9.94	5.85	7.86	-999	8.78
Nauru	2019	21.1	21.24	21.53	21.67	21.86	21.6	21.03	21.14	21.07	21.27	21.27	21.29	21.66	21.3	21.23	-999	21.3
Nepal	2019	3.57	3.63	3.2	4.36	6.37	9.53	10.43	9.91	9.13	6.44	4.73	3.25	4.68	9.98	6.82	-999	6.23
Netherlands	2019	5.33	5.97	6.55	6.42	7.69	10.72	10.99	11.35	9.64	8.67	6.66	6.36	6.89	11	8.31	-999	8.08
New_Caledonia	2019	17.32	19.66	18.79	16.79	15.25	14.24	12.23	13.09	13.29	13.96	14.71	16.96	16.93	13.17	13.97	-999	15.53
New_Siberian_Isl	2019	0.19	0.09	0.27	0.59	1.78	2.8	3.78	3.31	3.32	1.75	0.53	0.27	0.93	3.32	1.92	-999	1.68
New_Zealand	2019	10.63	10.12	10.44	8.3	7.89	6.36	6.58	6.2	6.78	7.49	8.64	9.35	8.88	6.35	7.64	-999	8.23
Nicaragua	2019	17.22	17.43	17.35	18.14	19.51	20.04	20.63	19.92	20.51	19.75	18.87	17.09	18.31	20.2	19.73	-999	18.85
Nicobar_Isl	2019	19.66	19.85	20.2	21.94	22.33	21.02	20.21	20.43	20.73	20.52	20.94	19.8	21.46	20.53	20.75	-999	20.65
Niger	2019	4.08	4.11	5.55	6	9.28	11.12	13.57	14.72	13.09	10.1	6.2	4.58	6.93	13.15	9.78	-999	8.57
Nigeria	2019	9.65	10.11	13	15.59	17.86	18.38	19.44	19.29	19.72	18.06	13.59	10.75	15.45	19.08	17.12	-999	15.44
Niue	2019	20.78	22.88	22.25	22.49	21.59	19.5	18.54	18.3	18.87	21.02	21.35	21.82	22.09	18.81	20.37	-999	20.76
Norfolk_Isl	2019	16.2	17.6	16.46	13.95	13.12	11.93	10.93	10.56	11.36	11.49	12.98	14.58	14.52	11.14	11.92	-999	13.48
North_Korea	2019	1.39	1.62	2.76	3.94	6.47	10.88	15.28	15.65	10.83	6.89	3.01	2.04	4.39	13.95	6.99	-999	6.87
Northern_Marianas	2019	20.46	20.36	21.13	21.81	23.04	24.42	24.25	23.74	23.74	23.3	23.23	21.41	21.95	24.19	23.46	-999	22.6
Norway	2019	2.61	3.23	3.21	3.92	4.99	6.95	7.81	8.12	6.48	4.58	3.7	3.68	4.02	7.6	4.96	-999	4.95
Novaya_Zemlya	2019	0.96	1.04	1.86	2.25	3.08	4.25	6.1	6.05	4.88	3.16	1.59	1.61	2.4	5.45	3.25	-999	3.11
Oman	2019	12.64	13.07	14.46	17.21	20.06	22.83	21.97	21.39	20.78	18.62	15.5	13.01	17.24	22.09	18.31	-999	17.63
Pakistan	2019	5.51	5.57	7.19	9.79	10.35	13.38	15.96	15.96	13.83	9.46	6.68	5.27	9.1	15.12	10.06	-999	10.03
Palau_Isl	2019	21.2	21	21.19	21.87	22.44	22.39	22.01	23.08	22.95	22.01	22.01	21.87	21.84	22.52	22.3	-999	22.01
Panama	2019	19.22	19.18	19.81	20.63	21.11	21.12	21.33	20.9	20.57	20.18	20.09	19.07	20.52	21.12	20.3	-999	20.27
Papua_New_Guinea	2019	18.85	19	19	18.93	18.87	18.03	17.76	17.31	17.66	18.21	18.56	18.77	18.94	17.68	18.14	-999	18.44
Paracel_Isl	2019	15.87	18.08	18.69	21.06	21.24	22.52	21.71	21.45	20.48	19.94	17.9	15.75	20.34	21.92	19.44	-999	19.59
Paraguay	2019	19.6	18.69	17.87	16.63	14.89	14.15	11.31	11.15	13.79	15.86	18.05	16.47	16.45	12.2	15.86	-999	15.74
Peru	2019	14.97	15.25	15.26	14.83	14.05	13.49	12.75	12.76	13.67	13.76	14.31	14.67	14.69	12.98	13.89	-999	14.19
Philippines	2019	19.31	18.37	19.32	21.19	21.8	21.89	21.25	20.81	21.17	20.89	20.96	20.27	20.77	21.3	20.96	-999	20.6
Phoenix_Isl	2019	21.32	21.6	21.94	22.15	21.94	21.38	20.73	20.81	21.29	21.79	21.73	21.31	22.01	20.95	21.65	-999	21.51
Pohnpei_and_Kosrae	2019	20.99	21.66	22.26	22.37	22.36	22.94	21.81	22.46	22.02	23.09	23.03	22.39	22.31	22.38	22.74	-999	22.24
Poland	2019	3.75	4.79	5.2	5.36	8.34	12	10.77	11.75	9.27	8.09	6.59	5.17	6.29	11.48	8.02	-999	7.64
Portugal	2019	6.9	7.32	7.72	8.01	9.6	10.86	12.21	12.06	11.92	10.58	8.87	8.23	8.5	11.74	10.45	-999	9.59
Prince_Edward_Isl	2019	6.02	6.17	5.66	5.43	4.7	4.85	4.25	4.25	4.39	4.61	4.76	5.65	5.29	4.48	4.61	-999	5.07
Puerto_Rica	2019	17.12	17.07	17.62	18.79	19.63	20.42	20.75	21.29	21.76	21.15	20.52	19.68	18.66	20.82	21.15	-999	19.62
Qatar	2019	10.9	10.74	11.17	13	14.71	14.52	16.29	17.6	18.58	17.05	13.21	11.93	12.98	16.11	16.34	-999	14.21
Reunion	2019	18.93	18.87	18.73	16.01	15.4	14.01	13.07	12.92	12.89	14.43	15.47	17.93	16.69	13.36	14.3	-999	15.73
Rodrigues_Isl	2019	21.3	21.88	21.52	19.84	17.78	16.63	15.5	14.78	15.63	16.3	17.64	20.41	19.72	15.64	16.53	-999	18.28
Romania	2019	3.6	4.26	4.72	6.34	9.71	13.17	11.65	12.04	8.96	7.98	7.29	4.8	6.95	12.29	8.04	-999	8
Russia	2019	1.12	1.28	2.06	2.72	4.58	7.33	9.23	8.61	5.95	3.75	1.84	1.54	3.12	8.37	3.93	-999	4.33
Rwanda	2019	12.11	12	12.29	12.68	12.04	11.9	10.26	10.97	12.01	11.89	12.2	12.06	12.34	11.07	12.03	-999	11.88
Ryukyu_Isl	2019	10.37	10.92	12.45	15.35	16.79	20.48	22.21	21.4	20.52	16.84	13.94	11.64	14.86	21.39	17.15	-999	16.16
Samoa	2019	22.4	23.52	23.58	23.84	22.63	21.83	20.28	19.53	21.13	22.41	22.41	22.82	23.38	20.55	21.98	-999	22.18
San_Marino	2019	4.71	5.03	5.68	7.08	9.08	11.59	11.96	12.48	10.82	8.64	6.95	5.34	7.31	11.99	8.8	-999	8.31
Sao_Tome_+_Principe	2019	20.51	19.48	19.81	19.55	19.37	17.63	17.56	17.49	18.62	19.28	19.51	20.33	19.55	17.56	19.11	-999	19.09
Saudi_Arabia	2019	7.91	7.67	7.76	9.02	10.06	8.82	9.52	9.96	10.44	10.65	9.19	8.34	8.93	9.46	10.1	-999	9.13
Senegal	2019	7.36	8.1	8.69	10.29	13.53	16.93	19.96	21.39	21.1	19.33	13.79	8.83	10.87	19.4	18.08	-999	14.15
Serbia	2019	3.81	4.39	4.92	6.45	9.5	12.9	11.51	12.32	9.14	7.86	7.41	4.92	7	12.22	8.14	-999	8.03
Severnaya_Zemlya	2019	0.18	0.18	0.35	0.69	1.81	3.64	4.43	4.05	3.58	1.4	0.61	0.27	0.94	4.07	1.91	-999	1.85
Seychelles	2019	21.25	21.35	22.44	22.3	22.23	21.3	19.27	19.66	20.26	20.81	21.42	20.88	22.3	20.08	20.81	-999	21.09
Sierra_Leone	2019	14.94	16.39	17.2	18.51	19.56	19.49	20.22	20.1	19.99	20.75	19.82	16.55	18.38	19.93	20.23	-999	18.65
Singapore	2019	21.2	21.24	21.71	22.35	22.12	22.87	21.95	21.23	21.39	21.71	21.63	21.02	22.06	22.02	21.55	-999	21.67
Slovakia	2019	3.13	3.95	4.52	5.6	8.17	11.65	10.2	11.55	8.46	6.89	6.44	4.43	6.08	11.14	7.27	-999	7.14
Slovenia	2019	3.67	4.3	4.94	6.48	8.82	12.18	11.78	13.11	10.04	7.97	6.89	4.64	6.73	12.38	8.29	-999	8
Society_Isl	2019	20.21	20.73	20.44	19.14	19.49	18.53	17.62	17	18.05	18.16	18.11	19.14	19.66	17.67	18.15	-999	18.92
Socotra	2019	15.57	16.37	17.75	19.91	21.81	22.29	21.13	20.41	20.67	19.51	17.05	15.64	19.78	21.3	19.04	-999	19.05
Solomon_Isl	2019	20.33	20.5	20.51	20.3	20.09	19.75	19.34	19.04	19.3	19.49	19.48	19.98	20.3	19.4	19.43	-999	19.87
Somalia	2019	15.39	16.53	17.27	19.75	19.25	17.95	17.47	17.13	17.32	17.96	17.43	16.73	18.74	17.47	17.59	-999	17.51
South_Africa	2019	12.09	12.9	12.65	10.72	8.58	6.65	6.27	6.69	7.89	9.01	10.7	11.14	10.64	6.57	9.23	-999	9.63
South_Georgia	2019	6.25	5.03	5.42	4.12	3.68	3.37	2.75	2.82	3.59	4.52	4.42	5.8	4.44	2.98	4.21	-999	4.37
South_Korea	2019	3.09	3.54	4.79	6.63	8.55	13.27	17.63	18.27	14.8	9.53	5.85	4.09	6.68	16.43	10.15	-999	9.31
South_Sudan	2019	9.57	10.09	11.79	14.73	17.56	17.52	18.81	18.77	18.93	17.22	13.78	11.13	14.67	18.39	16.62	-999	14.98
Spain	2019	5.51	5.85	6.26	6.69	8.02	9.9	11.08	11.31	10.63	9.22	7.27	6.61	6.97	10.77	9.09	-999	8.21
Sri_Lanka	2019	18.25	19.24	20.76	22.62	22.77	22.13	20.96	20.43	20.38	20.15	20.92	19.96	22.07	21.18	20.48	-999	20.72
St_Croix	2019	17.1	17.1	17.36	18.48	19.53	20.18	20.66	21.2	21.58	21.05	20.2	19.68	18.48	20.66	20.97	-999	19.52
St_Helena	2019	14.42	14.88	15.37	14.51	13.55	12.06	10.93	10.87	10.95	11.75	13.33	13.96	14.48	11.29	11.96	-999	13.01
St_Kitts_and_Nevis	2019	16.57	16.65	16.56	17.47	18.67	19.4	19.74	20.22	20.73	20.42	19.72	19.31	17.54	19.81	20.27	-999	18.8
St_Lucia	2019	17.98	17.76	17.22	18.64	20.45	21.56	21.86	22.14	22.64	21.96	21.34	20.48	18.77	21.85	21.95	-999	20.34
St_Vincent	2019	18.57	18.34	17.93	19.27	21.07	22.19	22.35	22.56	22.98	22.31	21.69	20.99	19.4	22.34	22.3	-999	20.83
Sudan	2019	6.66	6.27	5.51	6.73	9.57	10.86	14.08	14.46	13.57	10.83	7.99	6.9	7.24	13.11	10.79	-999	9.5
Suriname	2019	17.48	16.76	17.37	17.95	18.68	18.74	17.17	16.63	16.02	15.67	16.67	17.17	18.02	17.51	16.17	-999	17.22
Svalbard	2019	1.25	1.25	1	1.63	2.42	4.02	4.76	4.62	3.64	2.02	1.64	1.25	1.72	4.47	2.42	-999	2.51
Swan_Isl	2019	17.76	18.76	18.4	19.15	21.15	22.06	22.02	21.99	22.64	21.77	20.53	18.99	19.57	22	21.62	-999	20.43
Swaziland	2019	17.72	18.01	17.96	15.4	12.65	10.32	9.58	11	11.69	13.87	15.7	16.78	15.32	10.3	13.74	-999	14.26
Sweden	2019	2.78	3.71	3.85	3.99	5.73	8.24	8.51	9.2	7.3	5.5	4.41	4.18	4.48	8.68	5.73	-999	5.64
Switzerland	2019	3.37	3.94	4.54	4.81	6.1	8.71	8.67	9.22	7.52	6.52	4.56	4.03	5.21	8.84	6.17	-999	6.02
Syria	2019	5.56	5.9	6.09	7.14	8.38	9.26	9.52	10.43	9.11	8.58	6.79	6.13	7.24	9.74	8.18	-999	7.79
Tajikistan	2019	1.97	1.31	2.15	3.53	1.86	2.22	2.17	2.11	2.06	1.87	0.97	1.38	2.51	2.19	1.65	-999	1.96
Tanzania	2019	16.77	16.22	16.75	17.12	15.14	13.68	12.21	13.05	13.23	13.7	15.3	16.42	16.29	13	14.08	-999	14.98
Thailand	2019	17	17.6	18.31	20.78	22.32	22.12	21.79	21.56	21.28	20.9	18.24	15.45	20.48	21.79	20.14	-999	19.82
Togo	2019	12.63	13.85	16.76	19.21	19.92	19.6	20.7	20.14	20.82	21.48	18.82	14.04	18.63	20.12	20.34	-999	18.14
Tokelau_Isl	2019	22.01	22.71	22.83	23.02	22.4	21.69	20.56	20.19	21.12	21.91	21.99	22.07	22.75	20.84	21.69	-999	21.84
Tonga	2019	21.38	22.12	22.08	22.1	20.89	20.33	19.15	18.7	19.93	21.03	21.1	21.48	21.69	19.34	20.69	-999	20.87
Trinidad_and_Tobago	2019	19.27	18.81	18.7	19.89	20.86	21.88	21.74	21.88	22.42	21.95	21.69	20.64	19.82	21.81	22.02	-999	20.83
Tristan_da_Cunha	2019	5.39	7.06	5.7	5.48	5	3.73	4.03	4.64	4.55	4.32	4.24	4.89	5.42	4.11	4.4	-999	4.91
Tromelin_Isl	2019	22.4	22.77	21.97	20.21	20.02	18.24	17.55	17.34	17.67	18.89	19.57	21.84	20.74	17.69	18.69	-999	19.87
Tuamotu	2019	20.24	20.73	20.57	20.09	19.42	18.32	17.42	17.76	17.84	17.9	18.78	19.2	20.03	17.84	18.17	-999	19.01
Tubuai_Isl	2019	20.21	19.65	19.58	18.35	18.49	17.63	16.65	17.55	16.72	17.4	17.91	18.32	18.78	17.28	17.32	-999	18.2
Tunisia	2019	5.96	6.24	7.82	9	9.96	13.14	14.9	15.7	14.59	12.17	9	7.92	8.93	14.59	11.98	-999	10.63
Turkey	2019	3.95	4.31	4.58	5.98	8.3	10.61	9.61	10.09	8.07	8.1	5.76	4.77	6.34	10.05	7.3	-999	7.05
Turkmenistan	2019	5.05	4.98	6.4	8.25	9.05	9.05	10.8	8.85	7.7	6.35	4.2	5.12	7.92	9.6	6.17	-999	7.25
Tuvalu	2019	20.55	20.99	21.33	21.24	20.03	19.96	18.81	19.03	18.9	19.45	19.48	19.83	20.9	19.24	19.32	-999	19.97
Uganda	2019	12.54	12.69	13.7	15.87	15.04	14.57	14.63	14.83	14.76	14.4	14.17	13.15	14.87	14.7	14.47	-999	14.16
Ukraine	2019	3.54	4.2	4.6	5.66	10.1	12.39	11.28	11.18	8.31	8	6.37	5.27	6.87	11.62	7.55	-999	7.63
United_Arab_Emirates	2019	11.46	11.31	11.95	13.78	15.76	18.49	19.7	20.43	20.28	18.04	14	12.56	13.86	19.52	17.52	-999	15.74
United_Kingdom	2019	5.71	6.52	6.35	6.69	7.43	9.38	11.09	10.88	9.61	7.9	6.61	6.45	6.85	10.45	8.05	-999	7.9
Uruguay	2019	16.05	14.41	13.43	12.55	11.61	11.05	8	8.05	9.12	11.78	13.45	13.34	12.56	9.09	11.47	-999	11.9
USA	2019	3.52	3.75	4.47	6.21	8.53	10.68	12.92	12.3	11.16	6.9	4.55	4.2	6.46	12.02	7.57	-999	7.51
Uzbekistan	2019	4.11	3.79	5.45	7.02	6.9	7.61	8.64	7.54	6.37	5.21	3.39	3.93	6.46	7.93	5.02	-999	5.89
Vanatu	2019	19.25	20.45	20.15	19.04	17.86	17.4	16.04	16.17	16.1	16.49	17.19	18.16	19.04	16.54	16.57	-999	17.85
Venezuela	2019	17.42	17.09	17.56	18.5	19.32	19.44	19.16	19.64	19.83	19.56	19.33	18.27	18.43	19.44	19.55	-999	18.76
Vietnam	2019	14.57	15.51	15.62	18.76	19.71	20.62	20.57	20.15	19.21	18.68	16.61	14.33	18.09	20.43	18.19	-999	17.92
Virgin_Isl	2019	16.88	16.89	17.22	18.26	19.25	19.9	20.45	20.98	21.37	20.84	19.99	19.54	18.27	20.45	20.76	-999	19.31
Western_Sahara	2019	8.12	9.09	9.06	9.6	11.43	11.63	12.91	14.32	13.94	12.6	10.94	8.75	10.02	12.93	12.48	-999	11.08
Wrangel_Isl	2019	0.17	1.19	1.11	0.84	2.74	4.77	5.92	5.92	4.57	2.76	1.74	0.85	1.58	5.54	3.08	-999	2.78
Yap_State	2019	21.3	21.22	21.49	22.09	22.88	23.14	22.86	23.61	23.46	22.67	22.67	22.04	22.13	23.23	22.96	-999	22.45
Yemen	2019	12.43	12.97	13.73	16.28	17.74	17.41	16.45	16.69	16.79	15.06	13	12.9	15.93	16.88	14.99	-999	15.13
Zambia	2019	16.03	15.77	15.88	14.08	11.46	9.46	8.19	9.07	8.57	11.65	13.41	15.78	13.82	8.91	11.27	-999	12.47
Zimbabwe	2019	16.83	16.96	16.78	14.08	11.92	10.15	8.82	9.99	9.41	12.32	14.47	16.6	14.24	9.68	12.08	-999	13.2
